1.793364420943142357e-01
-1.194266069844538425e-01
-9.299119153834484175e-02
1.491383837234400433e-01
2.486404876361285321e-02
-2.230310074921497410e-01
3.720211488974022873e-01
1.036766675082093220e-01
-1.400256770953691235e-02
3.143221037917954264e-01
-2.550426902232107162e-02
-1.424506035520623215e-01
4.782847711638220645e-01
-6.953010206778198476e-01
-4.366408327782995147e-01
-3.398726751248044575e-01
-8.346280077461931679e-01
7.052122591976816603e-03
-9.538491142780937404e-02
-3.756450974534718545e-01
3.950707412749340786e-01
-7.860625563176290020e-01
1.327454601451740490e-01
-9.941779805857903218e-01
-5.945137886852094322e-01
2.174366445823129879e-01
-4.492994133723750561e-01
-5.842143153894137353e-02
-1.118416992594299275e+00
-5.021832550135439943e-01
