-1.854203412419471939e-02
8.640543519147320106e-02
9.911485339432292430e-02
9.464174362704824706e-02
2.461979834786892085e-01
3.334821587594281045e-01
2.963726578834107173e-01
4.057508332577783872e-01
4.825433808033500194e-01
5.434869324138421609e-01
5.981924407231278273e-01
6.720607004901881787e-01
7.726953924890912484e-01
6.747683489629124898e-01
7.770999849400078707e-01
9.101468939432151295e-01
9.456100769393864791e-01
1.057628967576454748e+00
1.074689271544769786e+00
1.127648404652861425e+00
1.175949197789529554e+00
1.287006797317558293e+00
1.346939276854915990e+00
1.357809877532022869e+00
1.460861145230346603e+00
1.521631988641991784e+00
1.576507140467819701e+00
1.643387044344340131e+00
1.705882346147285178e+00
1.774164524636561824e+00
1.853750382456660351e+00
1.831942441549180733e+00
1.953999581522344764e+00
1.983169860555863639e+00
2.090062002666457364e+00
2.104143276550801467e+00
2.217734490698502370e+00
2.171006778764100531e+00
2.300074659652060483e+00
2.383585735389412985e+00
2.422678822776965113e+00
2.507651758031838707e+00
2.559978226808401480e+00
2.627728661970845092e+00
2.600212326941912178e+00
2.730180166947882903e+00
2.835299199136991355e+00
2.818088045571887967e+00
2.925429967038212009e+00
2.946158248230624110e+00
