6.970684548992593654e-02
-7.497670832971742305e-01
-3.501130131157782072e-02
7.843607168272573871e-01
-4.205416280932859352e-01
-8.602640801145927663e-01
9.928198985773537544e-01
4.362309511445116583e-01
-4.472909489935050220e-01
5.379936054558079883e-01
-1.221302894609157669e-01
5.319257208978237506e-01
1.032177344529705332e+00
-4.920804803759714074e-01
-8.094099336824357449e-01
3.316574807498772759e-01
-2.614541668617353376e-01
8.827686470329522139e-01
-3.013068536119833385e-01
-1.048304610853421526e+00
8.442068044087132073e-01
-6.101788766128398711e-01
5.595193005373483297e-01
-7.268510731315306339e-01
-5.448782208822109396e-01
8.998125692555995758e-02
-1.048767331694109739e+00
3.558646798011119716e-01
-6.263912321560104468e-01
-5.874042821319771512e-01
-1.116322753088275332e+00
1.229463606399738174e+00
3.741738033231744032e-01
-5.016615185669704990e-01
1.087307449894840072e+00
-8.087248525995465176e-01
8.152427448764523188e-01
-1.204684273567311337e+00
-1.134901425502216288e+00
-3.921244423667517576e-01
-2.810931878426994324e-01
-4.539729670519117577e-01
6.632749695070014329e-02
4.407614081889127955e-01
-5.918669755976397884e-01
-4.333741151724344598e-01
-8.884001187487303719e-01
3.393724078480744311e-01
2.105418504236193367e-01
-1.516899236699630116e+00
