-1.171282696708773712e-02
9.749094023076268489e-02
1.926155541954422401e-01
2.552166133875101717e-01
4.069404413405432464e-01
5.094030485401133124e-01
5.722720403965452229e-01
7.068517170245597336e-01
8.164602518440785550e-01
9.202767319081577302e-01
1.023628689240823730e+00
1.127185013264814462e+00
1.235914082182225426e+00
1.296750974609028439e+00
1.405104368541004289e+00
1.540862405351049791e+00
1.642006176241503024e+00
1.748170841843828649e+00
1.841462385370599808e+00
1.930355126596057458e+00
2.026946618267429834e+00
2.171257745190440236e+00
2.265725174588925306e+00
2.349553576282263023e+00
2.473751813213451278e+00
2.576514042147799888e+00
2.654425249076983739e+00
2.778304123683903448e+00
2.906529351120977100e+00
2.992939075689938555e+00
