-2.910884601618431503e-02
8.280863691372031266e-02
1.824747411042375589e-01
1.024703332168203529e+00
6.664219349185133805e-03
-1.805152900226413837e-01
9.581341906998291913e-01
2.727673248329600675e-01
-3.245009508726560687e-01
5.572663754988813611e-01
-2.224495779330940559e-01
3.715608769455834570e-02
6.313363685624449051e-01
-7.334065043821237362e-01
-3.558471512816443333e-02
7.132421434224783807e-02
1.390366540272219009e-01
4.366886006153511968e-01
-5.485874956621636933e-01
-6.356235831735133068e-01
1.577270975055652391e+00
-1.527733737490106214e-01
4.727895922893531333e-01
-1.217035027328471353e+00
3.248113220856636146e-02
3.457540280002990296e-01
-5.302249138414456553e-01
7.749360707101138335e-01
-3.730244433136370441e-01
6.107002646826169973e-02
-2.202799307120567318e-01
1.784721933561986162e+00
2.071922454512631073e-01
-5.465784872005632344e-01
8.553452325275853196e-01
-5.897113783865801651e-01
2.940250896070811248e-01
-1.086728743547212828e+00
-9.119968053360892890e-01
-6.268818142541601746e-02
4.031697991419734284e-01
3.003290381429238320e-01
9.699511364492192922e-02
-5.426496578762321499e-02
-8.735383328979046125e-01
-4.632191281833769048e-01
-1.947367387943728378e-01
9.803850659959669755e-01
-3.541098022809481549e-02
-1.512869507678628489e+00
-3.684224782266573572e-01
-6.828355637082738072e-01
-7.927258832611612238e-01
3.895787004470482179e-02
2.605535257535250282e-01
4.534670514238071659e-01
-8.676027288754394329e-01
-4.978607947374725229e-01
7.899288770481191491e-02
8.421873128692636268e-01
-1.802272768505139566e-01
2.383837059817061621e-01
-5.712394195201747626e-01
-9.101321201610780287e-01
5.633727212726048483e-01
9.581823998852116997e-01
-6.016759166283107696e-01
3.303828074278005733e-01
-6.787902071809640003e-02
-4.683634036460533334e-01
1.877935712975430382e-01
5.988050822531828521e-01
-4.808326156357779491e-01
5.637986115811655097e-01
-1.902881711891496685e+00
1.158597901642981487e-01
1.988760790669510947e-02
-6.425788376800983803e-01
-4.445885298099006566e-01
-1.656929708174634364e+00
-3.591932890548548141e-01
5.776649230811776829e-03
7.594840227531624022e-01
-2.825912917941403313e-01
-6.305151519141546368e-01
-5.994587479712518707e-01
4.955411182804707049e-01
1.145052883043892328e-01
-5.046483072672377501e-01
3.474579065370368980e-01
6.592672175412235547e-02
9.353407843868166704e-01
-4.193290696487408931e-01
-3.596416683463080632e-01
-7.372425839976564088e-01
-1.136319941107660547e+00
-4.353271108603622430e-01
-4.347919817915021912e-01
-6.333348268142082738e-01
-6.490303342138361575e-01
