3.154406215800808350e-02
-3.705131828647794529e-02
7.087260199746240122e-03
2.597003817083794880e-02
1.027791339851710506e-01
1.430575464999535584e-01
1.343342975218167201e-01
6.991227381819807574e-02
-2.491579458455070728e-01
-4.916005310456897925e-01
-6.242198032163019938e-01
-5.007496452014864596e-01
2.071628142861260419e-04
1.843461047072695452e-02
-4.800432588487509866e-01
-9.090423607915797399e-01
-4.471835092125379663e-01
1.121840521362361259e-01
-6.438955442404548091e-01
-1.097031929957109408e+00
