-9.602168323926097218e-03
1.513756245153786706e-01
3.054036418188290081e-01
4.426770095265913918e-01
6.240546371435817807e-01
7.814136123762650543e-01
9.203106711061419531e-01
1.093490246482922590e+00
1.253689981596670000e+00
1.412221359405915866e+00
1.571251359150129590e+00
1.727976344540153253e+00
1.885439363832574156e+00
2.013588531937431370e+00
2.177983154869604476e+00
2.362691064706281097e+00
2.506423879394192866e+00
2.671938015115137510e+00
2.824968645079317664e+00
2.977877869894423934e+00
