-4.035935789494823206e-02
3.078625821660058159e-02
3.643486152838036098e-03
-9.859428940130589292e-02
1.239895798202879651e-01
1.609104609064384850e-01
-5.232732768130828743e-02
1.457134628780823171e-01
2.289970096834395286e-01
2.714901840223026275e-01
2.812007209563201493e-01
3.092470895407049558e-01
4.168858045129110179e-01
-6.100994460152564264e-04
5.414176735667586976e-02
4.338238234843768137e-01
3.726549448702763945e-01
5.279180160164422819e-01
4.832240600212133752e-01
3.803375021106141785e-01
6.341201026486932291e-01
6.270874206759675662e-01
6.842988660460815886e-01
6.366271222516073358e-01
6.944270381062946917e-01
7.671419990081892459e-01
6.784314761763350354e-01
8.584901309815787807e-01
8.209784357126372889e-01
8.652986140314107288e-01
8.748338764949857849e-01
9.151463159880519616e-01
9.703042664429667452e-01
9.240246203916834267e-01
1.038418753494056102e+00
9.651517420515247636e-01
1.102698336940330925e+00
8.948417620049091692e-01
1.072247140489687833e+00
1.173871154364158009e+00
1.172523794137732667e+00
1.239155160156294899e+00
1.264724569353903982e+00
1.289815070621423976e+00
1.212854304460154964e+00
1.332581786781780631e+00
1.372144350246703448e+00
1.404206243272110965e+00
1.437965113460767608e+00
1.411092712118611647e+00
1.509491327755044354e+00
1.562931481329780548e+00
1.581789093543479741e+00
1.571023241861998043e+00
1.552204660471566910e+00
1.608150921640684405e+00
1.693394470545487085e+00
1.731588744291690629e+00
1.740263331607610153e+00
1.759817217635698094e+00
1.792259616017634061e+00
1.842770454671470048e+00
1.793967050976851052e+00
1.851147703746107931e+00
1.902278362694443059e+00
1.881330783351245151e+00
2.036669710927743182e+00
1.949350824680146532e+00
2.050080754669170613e+00
2.066842771806366663e+00
2.108425595867614355e+00
1.961243205853448135e+00
2.201872884687017251e+00
2.004985848639531554e+00
1.927420424769398899e+00
2.199935461738774745e+00
2.297412740709755319e+00
2.363933659914252861e+00
2.377000237102021352e+00
2.263018849847113767e+00
2.423622599532901045e+00
2.431989309733165072e+00
2.287763550045838645e+00
2.482192792322362340e+00
2.505138736821873380e+00
2.578494473936155273e+00
2.518570474881431931e+00
2.613679805676305978e+00
2.652663911869726387e+00
2.668771746224571473e+00
2.716722307967728955e+00
2.739296410176927044e+00
2.732521079100432182e+00
2.813404736497764791e+00
2.898965714008819194e+00
2.750648597188670053e+00
2.918741197877054105e+00
2.956019876190210560e+00
3.028973961450958985e+00
3.049559709852383005e+00
