2.322906e+00 -1.120704e+00
1.203914e+00 -5.493297e-01
2.491316e+00 -1.217740e+00
1.661535e-01 -1.097598e-01
3.278474e-02 -2.957151e-02
2.643309e+00 -3.051053e-01
1.120083e+00 1.731859e-01
2.127416e-01 1.118372e-01
2.431180e+00 -1.086758e+00
6.280359e-01 6.828721e-02
1.116448e+00 1.224220e-01
3.107699e+00 -1.438087e+00
1.437837e+00 -9.596542e-01
1.878790e+00 -6.678800e-02
1.054669e+00 -8.356069e-02
1.842597e+00 -4.749299e-01
1.909297e+00 -2.595620e-01
1.768772e+00 -8.343038e-01
6.355042e-01 7.232829e-02
1.620613e+00 -6.090310e-01
1.606025e+00 -8.585375e-01
2.706007e-01 1.782683e-01
2.676625e+00 -5.638943e-01
1.461103e+00 -7.390486e-01
2.666134e+00 -6.582501e-01
7.226253e-02 3.989110e-02
1.656318e-01 5.219881e-02
4.700414e-02 3.261276e-03
1.951922e+00 -1.461628e-01
8.109432e-02 1.485224e-01
1.056162e+00 1.505697e-01
1.239956e+00 -9.653840e-03
1.230429e+00 -4.630707e-01
1.139237e-01 -1.871504e-01
1.872286e+00 -4.886866e-01
1.580187e+00 -8.191889e-01
2.931480e+00 -1.323555e+00
1.749858e+00 -8.259745e-01
1.484442e+00 -8.544987e-01
1.905021e+00 -1.105883e-01
2.817037e+00 -1.361856e+00
9.929098e-01 2.190130e-01
2.443040e+00 -1.226070e+00
7.903568e-01 2.155903e-01
8.613317e-01 3.400485e-01
6.547085e-01 2.834810e-01
5.687875e-01 1.729066e-01
-6.856115e-02 8.388136e-02
3.600836e-01 1.034950e-01
1.575935e+00 -9.707079e-01
9.381896e-01 3.804488e-01
2.353196e+00 -1.228242e+00
2.311605e+00 -1.065510e+00
4.694253e-01 -6.804827e-03
4.770297e-01 -6.565579e-02
-3.205199e-02 3.618522e-02
1.214218e+00 -1.798486e-01
1.639190e+00 -9.237861e-01
1.697600e+00 -1.005741e+00
2.539923e-01 1.753355e-02
3.129287e-01 1.438560e-01
3.034156e-01 2.020637e-02
2.763409e+00 -6.495867e-01
3.080342e+00 -1.497945e+00
6.488762e-01 1.751546e-02
1.261806e+00 -7.898766e-03
2.332914e+00 -1.222567e+00
2.360339e+00 -9.656433e-01
2.796457e+00 -8.653507e-01
2.552406e+00 -6.463878e-01
1.031189e+00 1.103415e-01
2.810433e+00 -1.083986e+00
7.910222e-01 2.806582e-01
1.258580e+00 5.514124e-03
2.182109e+00 -4.855186e-01
2.309831e+00 -1.210840e+00
2.558858e-01 -1.915774e-02
2.798208e+00 -1.390828e+00
2.482257e+00 -1.056142e+00
1.723829e+00 -9.645644e-01
1.312766e+00 -5.123448e-01
8.039254e-01 2.188396e-01
2.647834e+00 -6.326486e-02
1.297989e-01 6.666837e-02
1.732056e+00 -4.439738e-01
1.165370e+00 2.704475e-01
1.272809e+00 -3.588287e-01
2.248385e+00 -1.111434e+00
1.039495e+00 7.699535e-03
3.004756e+00 -1.312289e+00
1.299545e+00 -5.618409e-01
1.767250e+00 -4.945576e-01
4.728940e-01 2.212358e-02
1.882673e-01 4.435932e-02
1.326863e+00 -5.342294e-01
1.777058e+00 -3.220732e-01
1.262623e+00 -5.666513e-01
2.527901e+00 -7.502165e-01
4.359799e-01 7.605152e-02
1.287189e+00 -6.290742e-01
1.072854e+00 4.959257e-02
2.865493e+00 -9.208411e-01
1.237902e+00 -5.406413e-01
2.742622e+00 -4.479521e-01
2.771783e-01 -7.467359e-02
2.744662e+00 -7.140156e-01
9.259782e-01 6.663297e-02
2.098868e+00 -6.069614e-01
1.687561e-01 2.725119e-02
1.013018e+00 1.450465e-01
2.920357e+00 -1.535584e+00
2.810653e+00 -6.401692e-01
2.100378e+00 -4.370596e-01
1.096383e+00 -3.415154e-01
7.046719e-01 2.161663e-01
1.720892e+00 -5.266940e-01
1.579148e+00 -1.000254e+00
2.724381e+00 -5.346364e-01
1.918935e+00 -1.978614e-02
1.385280e+00 -9.031919e-01
1.830774e+00 -3.093734e-01
6.535687e-01 2.116437e-01
1.799109e+00 -7.531271e-01
1.323080e+00 -6.837268e-01
1.039355e+00 1.402042e-01
1.415194e+00 -7.790303e-01
9.065095e-01 3.127948e-01
1.690398e+00 -4.070539e-01
2.132897e+00 -2.151921e-01
1.507617e+00 -1.024256e+00
1.129690e+00 1.142289e-01
2.571205e+00 -1.031145e+00
5.769595e-01 -4.552960e-02
1.208550e+00 -2.826144e-01
2.315187e+00 -1.063253e+00
2.040755e+00 -7.146484e-01
2.102512e+00 -1.070305e-01
6.693518e-01 3.102696e-01
2.559272e-01 -6.411284e-02
2.209839e+00 -1.129122e+00
1.612342e+00 -1.042742e+00
4.479183e-01 5.359537e-02
2.937189e-01 2.718566e-02
1.619017e+00 -9.297371e-01
1.828913e+00 -2.736037e-01
2.343720e+00 -1.104058e+00
9.103067e-01 2.815455e-01
2.926320e+00 -1.336100e+00
1.945053e+00 -1.876913e-01
2.786711e+00 -1.108755e+00
7.048761e-01 1.329748e-01
3.037085e+00 -1.244064e+00
2.841505e+00 -1.419887e+00
6.922097e-01 2.643052e-01
5.633880e-01 1.426299e-01
2.682247e+00 -2.861053e-01
3.446955e-01 2.474704e-02
1.532465e+00 -1.089896e+00
1.919900e+00 -6.186902e-02
4.183232e-01 8.267107e-02
8.952344e-01 2.864649e-01
1.142467e+00 -6.267978e-01
1.588404e+00 -7.975701e-01
1.704313e+00 -7.928509e-01
4.867528e-01 2.315779e-02
1.545671e+00 -1.033715e+00
1.372627e+00 -8.618959e-01
7.114697e-01 1.995055e-01
1.485627e+00 -1.047912e+00
2.686707e+00 -8.784546e-01
1.833303e+00 -2.792068e-01
9.719436e-01 1.148439e-01
1.418055e+00 -5.859903e-01
2.472256e+00 -8.728943e-01
2.446141e+00 -4.870552e-01
4.500656e-01 2.806086e-01
2.815316e+00 -1.131975e+00
2.269126e+00 -9.555417e-01
1.727211e+00 -5.591471e-01
2.301480e+00 -8.094389e-01
2.698526e+00 -2.334423e-01
6.202416e-01 6.034781e-02
1.129714e+00 -1.300445e-01
7.134245e-01 2.847344e-01
2.615898e+00 -2.259202e-01
2.567346e+00 -2.209343e-01
9.954827e-01 2.320697e-01
8.329471e-01 1.059746e-01
2.367859e+00 -8.730125e-01
1.967446e+00 -1.525653e-01
1.924588e+00 -2.556036e-01
4.562341e-01 1.203245e-01
9.811010e-01 6.217759e-02
1.996850e+00 -9.876074e-02
2.818083e+00 -1.094443e+00
4.677679e-01 -1.355008e-01
1.454292e+00 -7.328529e-01
2.810862e+00 -1.294012e+00
2.373550e+00 -8.969787e-01
1.191613e+00 -3.563440e-02
1.941220e+00 -1.224157e-01
1.299304e-01 -3.421076e-02
7.675085e-01 2.037026e-01
2.549339e+00 -1.107011e+00
2.879371e+00 -1.362217e+00
1.083430e+00 7.759118e-02
2.157376e+00 -6.254219e-01
6.855982e-01 1.095353e-01
1.446913e+00 -8.184772e-01
2.542424e-01 -1.581274e-01
1.346960e-01 -9.266556e-02
2.205930e+00 -2.994994e-01
1.267627e+00 -2.183675e-01
1.061982e+00 1.795416e-01
1.521315e+00 -8.511723e-01
1.013683e+00 -1.910098e-02
2.754164e+00 -4.623553e-01
3.023976e+00 -1.269234e+00
1.899540e+00 -4.123426e-01
1.689580e+00 -7.009721e-01
7.028400e-01 3.387471e-01
1.825072e+00 -8.229131e-01
2.450612e+00 -5.325671e-01
1.473645e-01 -6.100905e-02
2.886188e+00 -1.038703e+00
2.449778e+00 -1.021118e+00
2.057993e+00 -1.049687e-01
3.027717e+00 -1.194635e+00
2.356738e+00 -1.047317e+00
2.028649e+00 -1.244642e-01
9.054831e-01 1.797572e-01
1.978933e+00 -1.529018e-01
7.595043e-01 2.725294e-01
2.183031e-01 6.965142e-03
3.320815e-01 -2.693060e-03
6.385525e-01 1.086945e-01
9.613393e-01 1.601567e-01
3.021244e+00 -1.409190e+00
-4.249815e-02 -3.354647e-02
1.048639e+00 -1.185237e-02
1.384386e+00 -4.676351e-01
7.627624e-01 1.876992e-01
2.527875e+00 -9.357705e-01
1.061137e-01 -1.488787e-01
1.139545e+00 1.014362e-03
-2.568883e-02 -3.664857e-02
2.614212e+00 -5.920042e-01
2.090257e+00 -4.902293e-01
1.724869e+00 -7.160286e-01
2.162536e+00 -9.951944e-02
