2.081312e+00 -8.158189e-01
1.618730e+00 -5.596578e-01
2.094131e+00 -7.805993e-01
1.030194e-01 -1.469135e-02
5.349219e-01 -5.615301e-01
2.416693e+00 -4.330943e-01
2.047614e+00 -6.397481e-01
2.593203e-01 -4.489834e-01
3.431334e+00 -1.016308e+00
1.798134e-01 -6.293244e-01
1.378097e+00 1.355458e-01
3.279390e+00 -1.855313e+00
2.372777e+00 -8.440147e-01
2.137425e+00 1.857834e-01
1.159325e+00 6.221024e-01
1.519169e+00 -1.005062e-02
2.534536e+00 3.006222e-01
2.368159e+00 -1.193337e+00
6.884439e-01 2.639708e-01
1.843982e+00 -1.116068e-01
2.147549e+00 -1.316533e+00
-2.581742e-01 -9.026710e-02
1.326189e+00 -6.147329e-01
2.118478e+00 -1.508107e+00
2.310268e+00 -1.269811e+00
2.516167e-01 2.981554e-01
1.331417e-01 -3.573280e-01
2.658376e-01 5.842516e-01
2.351032e+00 -3.397004e-01
-1.404851e-01 -1.775132e-01
1.285414e+00 -5.818786e-01
1.377372e+00 -2.878673e-01
1.171680e+00 -8.703653e-01
6.483821e-01 -2.937160e-01
1.375551e+00 -5.848685e-01
1.155155e+00 -3.665511e-01
2.448839e+00 -1.332925e+00
1.342017e+00 -7.646659e-02
1.758836e+00 -1.271176e+00
2.103386e+00 -5.739375e-01
3.269268e+00 -1.299863e+00
1.223700e+00 -3.348337e-01
1.707302e+00 -1.994225e+00
7.466725e-02 2.461320e-01
1.652976e+00 1.488951e-02
4.485806e-01 1.928783e-01
3.220603e-01 -4.193897e-01
-3.150899e-01 -1.128701e-01
1.374449e+00 -1.702221e-01
1.671320e+00 -1.628923e+00
1.144460e+00 -1.225833e-01
1.811349e+00 -1.704334e+00
2.117613e+00 -1.631672e+00
4.558903e-01 -5.278365e-01
7.351979e-01 -2.030797e-01
-4.465823e-01 -3.356117e-01
7.080996e-01 -2.352456e-01
1.420248e+00 -2.392119e-01
4.782346e-01 -3.584717e-01
-1.161302e-01 7.656666e-01
5.050681e-01 6.477784e-01
3.114403e-01 -5.160642e-02
2.327119e+00 -8.242143e-01
2.482945e+00 -1.261179e+00
5.472254e-01 1.168502e-02
1.699729e+00 2.564233e-01
1.909321e+00 -9.242822e-01
2.858898e+00 -2.340971e+00
2.271901e+00 -1.071014e+00
2.147431e+00 -2.563189e-01
4.690969e-01 -2.592592e-01
2.976533e+00 -1.272106e+00
1.337670e+00 4.184785e-01
2.803268e+00 -6.092353e-01
1.421912e+00 2.145192e-02
3.862780e+00 -1.312226e+00
1.024093e-01 5.140532e-02
2.465967e+00 -2.217210e+00
2.567889e+00 -1.000779e+00
8.932590e-01 -1.261217e+00
6.438050e-01 -4.178485e-01
7.585697e-01 3.122777e-01
2.953818e+00 1.812692e-01
1.880735e-01 2.813507e-01
2.705228e+00 7.587561e-02
1.103313e+00 2.354955e-01
8.298883e-01 -6.450583e-01
2.218766e+00 -1.230607e+00
2.055927e+00 1.164930e-01
3.104028e+00 -7.963181e-01
1.416197e+00 -7.174579e-01
1.928397e+00 -2.371941e-01
1.025617e+00 -6.527515e-01
-2.145762e-01 -5.822977e-02
1.775381e+00 -1.677300e-01
1.917073e+00 2.490732e-01
1.008250e+00 3.077572e-01
2.112738e+00 -1.518344e+00
6.861083e-01 -6.697357e-01
1.093427e+00 -6.970009e-01
1.232379e+00 6.145987e-01
2.158848e+00 -1.496429e+00
2.990466e+00 -6.616900e-01
1.908127e+00 -8.920661e-01
6.251847e-02 8.443387e-03
3.364941e+00 8.755498e-02
5.655476e-01 -9.288432e-02
2.226723e+00 -9.293353e-01
6.878954e-01 1.188361e+00
9.565734e-01 3.650977e-01
2.621911e+00 -1.177225e+00
2.256852e+00 -1.154106e+00
1.238205e+00 -6.089208e-02
1.898093e+00 2.275841e-01
6.894505e-01 2.173575e-02
1.708399e+00 -1.091063e+00
2.029132e+00 -4.461948e-01
2.218399e+00 -9.560165e-01
1.363987e+00 -2.450488e-01
1.420084e+00 -8.040420e-01
1.300371e+00 -4.572370e-01
2.395772e-01 5.063091e-01
1.215625e+00 -7.145695e-01
1.001652e+00 -7.369892e-01
1.536010e+00 -5.564131e-01
1.398604e-01 -1.465258e+00
1.146356e+00 -3.796506e-01
1.493568e+00 -8.698173e-02
2.496433e+00 1.507732e-01
1.797096e+00 -1.508487e+00
1.836722e+00 -3.736881e-01
2.156253e+00 -9.306097e-01
6.166033e-01 7.832611e-01
9.215362e-01 -1.292334e-01
1.992978e+00 -3.604227e-01
2.396223e+00 -9.418753e-02
1.441700e+00 -3.867216e-01
8.825817e-01 8.691663e-01
7.940048e-01 7.370424e-01
2.943104e+00 -7.316501e-01
1.672849e+00 -1.487538e+00
-5.178448e-01 1.700795e-01
7.634159e-01 -1.310640e+00
1.014798e+00 -1.445745e+00
1.718957e+00 -3.567055e-01
2.839730e+00 -1.811568e+00
1.112147e+00 -4.736456e-01
3.372839e+00 -1.605018e+00
1.460811e+00 -5.303966e-01
2.318223e+00 -1.138482e+00
9.405980e-01 6.756047e-01
2.618885e+00 -5.410979e-01
2.958528e+00 -7.376481e-01
6.986825e-01 1.207660e-01
9.456487e-01 3.366643e-01
2.385582e+00 2.688822e-01
-1.230724e-01 2.981024e-01
1.824000e+00 -4.399454e-01
2.482905e+00 -1.885208e-01
4.453456e-01 3.458837e-02
1.797509e+00 5.258971e-01
1.858422e+00 -7.611272e-01
9.284179e-01 -1.375766e+00
2.218983e+00 -1.045244e+00
1.943061e+00 -1.714613e-01
1.730484e+00 -7.910753e-01
1.560562e+00 -1.504746e+00
7.792792e-01 3.004919e-01
1.400067e+00 -5.549347e-02
1.986954e+00 -1.574135e+00
2.283089e+00 -1.851577e-01
4.886846e-01 3.159269e-01
1.809436e+00 -1.416641e+00
2.802916e+00 -8.440139e-01
2.436557e+00 -4.366111e-01
6.024898e-01 3.443538e-01
2.363087e+00 -5.557281e-01
2.721321e+00 -4.381632e-01
9.425504e-01 7.921656e-02
2.004110e+00 -4.562902e-01
1.709635e+00 -6.526953e-01
9.436696e-01 3.662175e-01
6.170296e-01 2.352625e-01
4.363151e-01 1.113547e-01
2.039456e+00 -1.729256e-01
3.166004e+00 1.256061e-01
4.579729e-01 2.056756e-01
2.360569e-01 8.155078e-01
2.234343e+00 -5.782815e-01
2.009557e+00 -4.522297e-01
1.671070e+00 1.170987e-01
1.194743e+00 -1.340640e-01
1.632503e+00 5.286022e-01
1.865461e+00 4.067139e-01
3.361071e+00 -2.220161e+00
8.058518e-01 6.959090e-01
8.468369e-01 -1.456261e+00
3.004927e+00 -5.531795e-01
1.694052e+00 -1.679103e+00
8.780937e-01 -2.907382e-01
1.123799e+00 -3.922913e-01
3.318154e-01 8.871742e-01
1.173149e+00 6.251919e-01
1.909041e+00 -1.076202e+00
2.856746e+00 -1.207394e+00
1.366950e+00 5.142985e-01
2.182111e+00 -8.874276e-01
1.313464e+00 5.669149e-01
1.755514e+00 -8.957710e-01
8.090028e-01 -6.345487e-01
5.521097e-01 4.138657e-01
1.653183e+00 -6.590656e-01
5.663176e-01 3.002725e-02
-1.977117e-01 1.692478e-01
1.069222e+00 -1.342911e+00
1.093794e-01 -3.167806e-01
3.428805e+00 -8.046739e-01
3.185366e+00 -1.872392e+00
2.303610e+00 -1.428292e-01
1.661693e+00 -4.154715e-01
9.244396e-01 -2.584320e-01
1.280610e+00 -3.541029e-01
3.325358e+00 -4.087397e-01
3.957242e-01 5.764828e-01
2.679956e+00 -1.089687e+00
2.743006e+00 -9.665717e-02
2.377905e+00 3.204243e-02
2.585807e+00 -1.251011e+00
2.757059e+00 -8.177685e-01
1.699073e+00 5.420674e-01
1.589344e+00 1.492506e-01
2.158795e+00 -4.456178e-01
4.306721e-01 4.117184e-01
-1.890393e-01 2.971046e-01
1.425119e-01 5.261005e-01
4.812425e-01 -8.391639e-01
6.778841e-01 2.922374e-01
2.124573e+00 -2.154466e+00
-8.992320e-02 4.916546e-01
1.395988e+00 1.863885e-02
8.692086e-01 -9.129153e-01
1.062826e+00 3.213832e-01
2.877979e+00 -3.742148e-01
-9.164894e-02 1.935223e-01
1.402592e+00 -3.867715e-01
-2.634334e-01 3.411323e-01
2.572089e+00 -8.940423e-01
1.740791e+00 -1.149459e+00
1.460923e+00 -1.395056e+00
2.055934e+00 1.006772e+00
