2.304277e+00 -1.148724e+00
1.300108e+00 -4.494513e-01
2.360208e+00 -1.202760e+00
1.925174e-01 -1.626100e-02
1.588181e-01 -4.416432e-03
2.672906e+00 -3.079536e-01
1.117574e+00 -1.460858e-02
2.448423e-01 -3.951614e-03
2.293128e+00 -1.155729e+00
6.413956e-01 1.645312e-01
1.079315e+00 3.661675e-02
2.980186e+00 -1.375002e+00
1.472868e+00 -8.939570e-01
1.917086e+00 -1.281855e-01
1.128526e+00 -1.801985e-02
1.784131e+00 -5.128279e-01
1.880395e+00 -2.123898e-01
1.665837e+00 -8.305170e-01
4.618721e-01 4.069031e-02
1.823389e+00 -4.135214e-01
1.552431e+00 -9.680542e-01
3.437438e-01 1.247979e-02
2.528244e+00 -5.771073e-01
1.429391e+00 -8.020324e-01
2.508665e+00 -7.262411e-01
5.396827e-02 1.864685e-02
1.071930e-01 -3.018135e-02
1.765264e-01 -2.325225e-02
1.913085e+00 -1.200878e-01
9.828401e-03 -5.313805e-03
1.047124e+00 8.718463e-02
1.097048e+00 -1.988582e-02
1.319643e+00 -5.082872e-01
2.909577e-01 -2.453696e-03
1.843061e+00 -2.892542e-01
1.680346e+00 -8.023489e-01
2.973376e+00 -1.310940e+00
1.671435e+00 -8.426781e-01
1.548414e+00 -9.582696e-01
2.021192e+00 -1.200771e-01
2.953509e+00 -1.391585e+00
9.950040e-01 1.289186e-01
2.375192e+00 -1.170779e+00
8.454287e-01 2.220402e-01
7.055440e-01 1.956033e-01
7.480716e-01 2.241794e-01
7.137776e-01 2.140543e-01
1.404571e-02 9.672420e-03
4.579435e-01 5.494738e-02
1.567409e+00 -9.571245e-01
7.788196e-01 2.511003e-01
2.345780e+00 -1.194578e+00
2.430474e+00 -1.062317e+00
3.084418e-01 5.666065e-03
4.140102e-01 4.058219e-02
-6.242363e-03 1.444630e-02
1.209418e+00 -2.437270e-01
1.678648e+00 -7.861355e-01
1.597961e+00 -9.357606e-01
2.013728e-01 -2.643559e-03
4.384599e-01 5.117521e-02
3.354849e-01 8.089945e-03
2.787115e+00 -7.798888e-01
2.966410e+00 -1.368964e+00
4.530243e-01 7.857660e-02
1.092383e+00 1.908693e-02
2.367990e+00 -1.201270e+00
2.380085e+00 -1.165699e+00
2.816562e+00 -8.456413e-01
2.549651e+00 -5.691388e-01
9.171428e-01 2.212501e-01
2.871089e+00 -1.162669e+00
7.806925e-01 2.378196e-01
1.139352e+00 -5.567470e-02
2.174306e+00 -6.507332e-01
2.376059e+00 -1.196804e+00
2.518782e-01 2.595704e-03
2.876349e+00 -1.270628e+00
2.440396e+00 -1.014826e+00
1.574536e+00 -9.613400e-01
1.298103e+00 -6.025746e-01
7.665709e-01 2.418093e-01
2.693460e+00 -3.304884e-01
1.148239e-01 -2.398510e-02
1.825388e+00 -3.924829e-01
9.987167e-01 1.667195e-01
1.236740e+00 -3.258995e-01
2.275342e+00 -1.036820e+00
1.134555e+00 -7.074597e-02
2.941358e+00 -1.351562e+00
1.323865e+00 -5.769439e-01
1.820873e+00 -4.340970e-01
3.375823e-01 2.659973e-02
1.522784e-01 -1.663994e-02
1.300908e+00 -5.414208e-01
1.867744e+00 -2.640999e-01
1.343299e+00 -6.357133e-01
2.545650e+00 -6.895525e-01
4.056899e-01 2.444544e-02
1.348388e+00 -6.359693e-01
1.039054e+00 1.159078e-01
2.824873e+00 -9.447724e-01
1.304181e+00 -5.531839e-01
2.708338e+00 -3.874189e-01
3.186024e-01 5.232361e-03
2.797411e+00 -6.892326e-01
9.774003e-01 1.825526e-01
2.150208e+00 -5.817648e-01
9.715662e-02 -2.306610e-02
9.657625e-01 2.021958e-01
2.896772e+00 -1.341323e+00
2.778120e+00 -6.886846e-01
2.136505e+00 -4.600039e-01
1.225264e+00 -2.852334e-01
6.612433e-01 1.777908e-01
1.757842e+00 -5.994481e-01
1.572802e+00 -9.534053e-01
2.727309e+00 -5.147939e-01
2.016574e+00 -1.252087e-01
1.433321e+00 -8.495134e-01
1.937517e+00 -9.642911e-02
5.939512e-01 1.270480e-01
1.717097e+00 -7.542806e-01
1.374572e+00 -6.493492e-01
1.076696e+00 6.709049e-02
1.432109e+00 -7.894146e-01
9.266392e-01 1.957683e-01
1.845037e+00 -3.010145e-01
2.102408e+00 -3.716209e-01
1.530591e+00 -9.588085e-01
1.047575e+00 6.555350e-02
2.475963e+00 -9.264650e-01
4.979776e-01 7.760192e-02
1.237267e+00 -3.073188e-01
2.282844e+00 -1.121933e+00
2.182580e+00 -7.209833e-01
2.012947e+00 -1.199218e-01
7.792088e-01 2.323286e-01
3.056573e-01 3.218080e-03
2.293493e+00 -1.113119e+00
1.606516e+00 -9.580627e-01
5.255303e-01 8.776600e-02
3.900881e-01 4.408492e-02
1.596385e+00 -9.577732e-01
1.834785e+00 -4.133271e-01
2.307693e+00 -1.165180e+00
9.479912e-01 2.124630e-01
2.970148e+00 -1.370461e+00
2.061443e+00 -2.028821e-01
2.870534e+00 -1.178665e+00
6.424345e-01 1.766847e-01
2.868695e+00 -1.216607e+00
2.977001e+00 -1.370469e+00
7.730006e-01 2.400181e-01
6.793099e-01 1.940160e-01
2.674807e+00 -3.011807e-01
3.482089e-01 2.272435e-02
1.538841e+00 -9.464880e-01
1.933038e+00 -8.939960e-02
4.361463e-01 2.795607e-02
9.192864e-01 2.212428e-01
1.359119e+00 -6.469216e-01
1.471675e+00 -9.122600e-01
1.722732e+00 -6.762110e-01
3.822308e-01 4.313731e-02
1.568090e+00 -9.550793e-01
1.469097e+00 -9.112582e-01
6.573624e-01 2.017914e-01
1.542688e+00 -9.601067e-01
2.778839e+00 -8.268529e-01
1.936343e+00 -1.517984e-01
9.515804e-01 2.221914e-01
1.313612e+00 -6.213714e-01
2.462013e+00 -9.861258e-01
2.556186e+00 -5.412811e-01
4.620991e-01 6.812038e-02
2.828985e+00 -1.094641e+00
2.242702e+00 -9.367024e-01
1.796566e+00 -4.908901e-01
2.176069e+00 -7.143159e-01
2.674653e+00 -3.049185e-01
5.256078e-01 1.035261e-01
1.150397e+00 -1.019219e-01
8.238766e-01 2.307394e-01
2.618196e+00 -3.547541e-01
2.647174e+00 -3.149340e-01
9.089062e-01 2.219999e-01
9.974636e-01 1.494410e-01
2.235507e+00 -8.992507e-01
1.911319e+00 -1.373578e-01
1.950868e+00 -1.066009e-01
3.882202e-01 3.477656e-02
1.055261e+00 7.961574e-02
2.010006e+00 -1.296012e-01
2.854449e+00 -1.159891e+00
4.553373e-01 6.190190e-02
1.423328e+00 -8.124189e-01
2.925794e+00 -1.343003e+00
2.228252e+00 -8.946475e-01
1.094500e+00 -9.367578e-03
1.933948e+00 -1.221656e-01
1.743970e-01 -2.568917e-02
8.934827e-01 2.089320e-01
2.427977e+00 -1.015262e+00
2.967693e+00 -1.355449e+00
1.084935e+00 3.738780e-02
2.190773e+00 -6.116737e-01
7.080313e-01 1.759169e-01
1.449059e+00 -8.740620e-01
2.073608e-01 -2.080322e-02
1.062554e-01 -1.202765e-02
2.095193e+00 -3.160859e-01
1.208146e+00 -2.418042e-01
1.059561e+00 5.363371e-02
1.469207e+00 -8.591109e-01
1.037782e+00 9.866608e-02
2.729631e+00 -4.424841e-01
2.988280e+00 -1.331626e+00
1.801036e+00 -4.386863e-01
1.756356e+00 -5.380323e-01
7.711254e-01 2.249082e-01
1.686081e+00 -7.992132e-01
2.581163e+00 -4.711115e-01
5.861261e-02 -6.248196e-03
2.849109e+00 -1.057262e+00
2.389685e+00 -1.167527e+00
2.006055e+00 -1.065651e-01
2.867174e+00 -1.210082e+00
2.416504e+00 -1.097590e+00
1.994517e+00 -1.095918e-01
9.466911e-01 2.069544e-01
2.020841e+00 -1.450681e-01
8.439423e-01 2.425140e-01
1.854640e-01 -4.443320e-03
3.432449e-01 -4.817000e-04
5.127471e-01 1.010781e-01
8.632111e-01 2.460980e-01
2.983612e+00 -1.345018e+00
1.546146e-02 6.739316e-04
1.079011e+00 2.568249e-02
1.286314e+00 -4.970502e-01
7.391443e-01 2.274140e-01
2.455078e+00 -9.706371e-01
1.399418e-01 -3.130146e-02
1.129357e+00 -5.836744e-02
8.022662e-02 -1.517386e-02
2.568006e+00 -4.548993e-01
2.137978e+00 -5.058327e-01
1.640184e+00 -8.920750e-01
2.003594e+00 -9.894508e-02
