2.351910e+00 -1.266661e+00
1.401893e+00 -4.107013e-01
2.345853e+00 -1.231858e+00
1.374720e-01 1.070577e-02
2.010761e-01 -3.063231e-02
2.725986e+00 -3.506070e-01
1.058920e+00 6.469606e-02
2.693834e-01 5.528441e-02
2.257121e+00 -1.193224e+00
6.289155e-01 1.360021e-01
1.113480e+00 3.360697e-03
2.909301e+00 -1.354989e+00
1.392820e+00 -9.741182e-01
1.936131e+00 -2.074000e-01
1.147777e+00 -8.738569e-02
1.666803e+00 -5.256788e-01
1.888526e+00 -1.827572e-01
1.673931e+00 -8.884286e-01
4.807421e-01 1.074419e-01
1.746993e+00 -4.278513e-01
1.542387e+00 -9.515579e-01
3.230608e-01 6.796111e-03
2.575676e+00 -6.364307e-01
1.454816e+00 -7.535544e-01
2.596641e+00 -8.199894e-01
4.808292e-02 -1.121480e-01
8.898155e-04 -1.454935e-02
1.526484e-01 -7.014452e-03
1.939393e+00 -7.794020e-02
2.105702e-02 1.409968e-01
1.060425e+00 1.873560e-01
9.948131e-01 4.490798e-02
1.292468e+00 -6.097504e-01
3.110843e-01 -1.842878e-02
1.874648e+00 -2.505352e-01
1.610942e+00 -7.380351e-01
2.989517e+00 -1.244088e+00
1.650571e+00 -8.685734e-01
1.552941e+00 -9.577610e-01
1.986191e+00 -1.531542e-01
2.878900e+00 -1.403773e+00
1.052216e+00 1.255663e-01
2.435838e+00 -1.188370e+00
7.810961e-01 2.706617e-01
6.776048e-01 1.988546e-01
7.940486e-01 1.614195e-01
7.155392e-01 2.066681e-01
4.069029e-02 4.109667e-02
4.765330e-01 5.112827e-02
1.599547e+00 -8.898892e-01
8.030985e-01 2.263102e-01
2.384156e+00 -1.198633e+00
2.365270e+00 -1.053202e+00
2.458229e-01 2.221803e-02
3.788719e-01 4.798774e-02
2.225970e-02 1.218832e-01
1.242886e+00 -1.775821e-01
1.780991e+00 -7.593242e-01
1.622117e+00 -9.841851e-01
2.076325e-01 -5.468939e-02
4.259761e-01 1.534592e-01
3.544721e-01 -2.799298e-02
2.860791e+00 -7.316302e-01
3.023246e+00 -1.453265e+00
5.656035e-01 4.385426e-02
1.132509e+00 1.387880e-01
2.467954e+00 -1.251659e+00
2.320176e+00 -1.096078e+00
2.809669e+00 -8.662111e-01
2.577306e+00 -5.771450e-01
9.384852e-01 2.313771e-01
2.895673e+00 -1.203646e+00
8.588571e-01 2.716022e-01
1.168242e+00 -1.306735e-01
2.256093e+00 -6.533518e-01
2.396500e+00 -1.218956e+00
2.713655e-01 3.892368e-03
2.742748e+00 -1.235014e+00
2.547148e+00 -9.784750e-01
1.523319e+00 -9.262629e-01
1.385859e+00 -5.742687e-01
7.680436e-01 2.207735e-01
2.686778e+00 -3.209922e-01
3.049980e-02 -3.867966e-02
1.893672e+00 -3.160252e-01
9.224746e-01 1.021223e-01
1.222668e+00 -2.836735e-01
2.175734e+00 -1.060085e+00
1.108334e+00 9.023371e-05
2.877805e+00 -1.366548e+00
1.306817e+00 -5.088021e-01
1.831697e+00 -4.656638e-01
3.821983e-01 -7.038443e-03
1.976375e-01 -3.435485e-02
1.368873e+00 -5.316759e-01
2.027013e+00 -2.530288e-01
1.357591e+00 -6.390592e-01
2.522364e+00 -8.136258e-01
4.128512e-01 9.971871e-02
1.362618e+00 -6.925411e-01
9.889936e-01 -3.248606e-03
2.869141e+00 -9.952487e-01
1.316403e+00 -5.659119e-01
2.787756e+00 -3.936079e-01
3.614056e-01 3.332319e-02
2.848553e+00 -7.250052e-01
1.063021e+00 8.614089e-02
2.196829e+00 -6.169090e-01
7.877152e-02 8.140713e-03
9.741901e-01 2.344894e-01
2.839725e+00 -1.269288e+00
2.731307e+00 -7.274054e-01
2.160403e+00 -4.750301e-01
1.232990e+00 -3.852600e-01
6.576522e-01 1.861576e-01
1.728347e+00 -6.953068e-01
1.557444e+00 -9.617847e-01
2.720646e+00 -5.900117e-01
2.093374e+00 -1.522641e-01
1.419612e+00 -9.570767e-01
2.032865e+00 -1.218235e-01
6.023721e-01 2.041919e-01
1.669851e+00 -6.930418e-01
1.245773e+00 -6.155597e-01
1.151292e+00 2.160016e-02
1.473259e+00 -7.175799e-01
9.291279e-01 1.902506e-01
1.797862e+00 -3.348985e-01
2.061752e+00 -4.001966e-01
1.585567e+00 -9.963623e-01
1.062563e+00 9.024467e-02
2.542893e+00 -9.530748e-01
4.990834e-01 1.179005e-01
1.306091e+00 -3.415247e-01
2.269411e+00 -1.201189e+00
2.298703e+00 -6.567054e-01
2.004431e+00 -1.520204e-02
7.556458e-01 2.658895e-01
3.083006e-01 2.172327e-02
2.300438e+00 -1.134476e+00
1.652322e+00 -9.054164e-01
5.843947e-01 1.251654e-01
3.247895e-01 1.097143e-01
1.576991e+00 -9.294436e-01
1.842655e+00 -3.894119e-01
2.355596e+00 -1.113106e+00
9.322343e-01 2.872984e-01
2.949963e+00 -1.352179e+00
2.035378e+00 -2.346637e-01
2.916951e+00 -1.027543e+00
6.167180e-01 2.310711e-01
2.856823e+00 -1.221718e+00
3.058346e+00 -1.411235e+00
7.088330e-01 2.295771e-01
6.953998e-01 2.089503e-01
2.675117e+00 -2.954904e-01
3.850340e-01 -1.310166e-01
1.524565e+00 -9.662766e-01
1.986874e+00 -2.488074e-02
3.850230e-01 1.242059e-01
9.195489e-01 2.004225e-01
1.376044e+00 -6.482748e-01
1.536000e+00 -9.376162e-01
1.703382e+00 -6.341560e-01
3.392788e-01 3.975345e-02
1.475365e+00 -8.713050e-01
1.532946e+00 -7.694996e-01
7.247982e-01 1.268995e-01
1.580183e+00 -1.008612e+00
2.880189e+00 -8.886680e-01
1.856313e+00 -2.229526e-01
8.954170e-01 1.858951e-01
1.276259e+00 -5.180255e-01
2.475203e+00 -9.855073e-01
2.628463e+00 -5.441441e-01
4.364430e-01 -1.008749e-02
2.805527e+00 -1.013319e+00
2.172316e+00 -9.211726e-01
1.839584e+00 -4.672578e-01
2.204773e+00 -6.835818e-01
2.699643e+00 -2.374833e-01
4.798674e-01 1.205012e-01
1.055297e+00 -2.017163e-01
8.321424e-01 2.689020e-01
2.694351e+00 -2.201774e-01
2.699195e+00 -2.716717e-01
9.107422e-01 1.517426e-01
9.993142e-01 2.114988e-01
2.269903e+00 -9.610937e-01
1.942675e+00 -1.190124e-01
1.959958e+00 -1.076088e-01
4.259342e-01 6.881565e-02
1.025097e+00 9.923670e-02
2.012479e+00 -2.067347e-01
2.833552e+00 -1.247134e+00
5.110667e-01 8.624747e-02
1.401099e+00 -7.415349e-01
2.906427e+00 -1.398271e+00
2.205179e+00 -8.243013e-01
1.066809e+00 1.349906e-02
1.979851e+00 -7.654858e-02
2.833730e-01 -8.120816e-02
8.441398e-01 1.721853e-01
2.427518e+00 -9.749471e-01
2.913075e+00 -1.311446e+00
1.076291e+00 -8.055835e-03
2.078907e+00 -7.075495e-01
6.803763e-01 2.031414e-01
1.519927e+00 -8.364906e-01
1.710909e-01 1.845264e-03
1.971193e-01 7.245187e-02
2.078837e+00 -2.776866e-01
1.265422e+00 -2.954146e-01
1.041646e+00 1.708749e-01
1.428441e+00 -1.007049e+00
1.023608e+00 1.737043e-01
2.728525e+00 -4.164988e-01
3.026571e+00 -1.355607e+00
1.774936e+00 -4.316300e-01
1.782178e+00 -5.263232e-01
7.735738e-01 1.946407e-01
1.716707e+00 -7.739194e-01
2.500689e+00 -5.001521e-01
6.099399e-02 -4.044365e-02
2.870927e+00 -1.055532e+00
2.401432e+00 -1.186594e+00
1.911149e+00 -2.192394e-01
2.902927e+00 -1.209253e+00
2.442107e+00 -1.095590e+00
2.003581e+00 -5.138083e-02
9.691210e-01 2.556635e-01
2.030057e+00 -1.466601e-01
8.366381e-01 1.998281e-01
1.744147e-01 -1.177243e-02
3.452869e-01 6.199056e-03
4.537828e-01 1.351225e-01
9.019494e-01 3.220545e-01
2.996199e+00 -1.350341e+00
-4.865748e-02 7.400689e-02
1.098999e+00 3.538466e-02
1.274301e+00 -4.871665e-01
7.791713e-01 1.732000e-01
2.540592e+00 -8.937987e-01
1.131249e-01 -6.532923e-02
1.021481e+00 -1.076107e-01
8.911457e-02 2.750093e-03
2.595922e+00 -5.586090e-01
2.122374e+00 -4.520184e-01
1.631667e+00 -9.545057e-01
2.000264e+00 -1.495719e-01
