1.685831e+00 -9.496874e-01
1.139481e+00 2.294772e-01
2.838514e+00 -6.601811e-01
6.392103e-01 2.749153e-01
-4.359688e-01 -1.231064e-01
2.959112e+00 -4.301183e-01
1.100212e+00 2.856120e-01
6.939325e-01 -4.112728e-01
2.587936e+00 -9.041147e-01
2.216325e-01 2.417195e-03
1.142577e+00 6.385948e-01
2.789541e+00 -1.182498e+00
1.959889e+00 -8.663227e-02
2.027004e+00 -1.031395e+00
1.506082e+00 7.314132e-02
1.415523e+00 -2.052317e-01
2.683388e+00 -1.174656e-01
9.679509e-01 -2.145034e-01
4.548261e-01 3.658309e-01
1.833946e+00 -2.226485e-01
1.842353e+00 -6.155888e-01
3.963716e-01 -3.168579e-01
2.626868e+00 -2.416670e-01
1.093896e+00 -1.286470e+00
3.088136e+00 1.455903e-02
7.372795e-02 2.446315e-01
2.842289e-01 -9.591275e-01
2.614985e-01 6.083614e-01
1.410106e+00 -6.846452e-01
-2.956890e-01 -2.090493e-01
1.331976e+00 6.631074e-01
1.669243e+00 2.586183e-01
6.173388e-01 -1.198261e+00
6.057545e-01 -6.856854e-01
2.084448e+00 -1.817654e-01
1.486112e+00 -1.883725e+00
3.075959e+00 -1.091632e+00
1.421702e+00 -1.314585e+00
1.677722e+00 -1.587329e+00
2.284580e+00 3.256735e-01
2.097384e+00 -1.609140e+00
9.974295e-01 1.240920e-01
2.007418e+00 -1.753692e+00
6.548118e-01 5.177688e-01
9.565916e-01 4.610848e-01
1.270096e+00 -2.308935e-01
5.447721e-01 1.292141e-01
-1.233823e+00 9.476305e-02
4.505844e-01 -4.194857e-01
1.950534e+00 -6.091874e-01
9.763894e-01 -4.951236e-01
1.946353e+00 -1.069834e+00
2.201264e+00 -1.164425e+00
-1.603345e-01 8.601390e-02
1.065789e+00 1.853516e-01
4.203655e-01 3.765616e-01
1.051727e+00 -3.256134e-01
2.319806e+00 -4.687952e-01
2.021007e+00 -8.592096e-01
4.492280e-02 -1.347421e-01
1.038260e+00 5.957760e-02
8.852301e-01 6.200103e-01
3.187926e+00 -4.338259e-01
3.702532e+00 -1.716571e+00
2.908878e-01 -4.697442e-01
4.497097e-01 -6.457624e-03
2.475673e+00 -9.854761e-01
2.092571e+00 -1.345207e+00
3.166664e+00 -1.469185e+00
2.551696e+00 -7.446198e-03
7.892093e-01 4.692852e-02
3.393973e+00 -1.766824e+00
4.419017e-01 -9.248948e-02
1.434439e+00 -7.645344e-01
2.701566e+00 -6.641089e-01
2.809790e+00 -6.692602e-01
-7.948673e-02 -3.078794e-03
2.785674e+00 -1.292277e+00
2.203953e+00 -5.263728e-01
1.491198e+00 -1.102437e+00
1.816010e+00 -2.403379e-01
8.953945e-01 6.415434e-02
3.328876e+00 -8.103262e-01
5.619808e-01 2.492888e-01
1.269339e+00 -3.659558e-01
4.284620e-01 9.095380e-03
1.356667e+00 -7.644535e-01
1.257563e+00 -1.112279e+00
1.224302e+00 -2.283075e-01
2.955033e+00 -1.448409e+00
8.889000e-01 2.549687e-01
1.938119e+00 -6.194798e-01
-1.512812e-02 -1.585497e-01
-9.261879e-03 -6.095234e-03
1.809009e+00 -8.994450e-01
1.940409e+00 9.346020e-02
1.048694e+00 -9.073142e-01
1.873315e+00 4.438670e-02
6.079800e-01 -2.126887e-01
1.078901e+00 -1.070342e+00
1.096636e+00 -2.886377e-02
2.425719e+00 -1.276770e+00
1.629897e+00 -7.222419e-01
2.185307e+00 -3.700599e-01
2.587690e-02 2.838112e-01
3.428567e+00 -1.546152e+00
6.655555e-01 2.449861e-01
2.121080e+00 -3.528201e-02
9.510937e-02 6.754025e-02
1.131377e+00 -8.859461e-02
3.130568e+00 -1.167343e+00
2.820713e+00 -1.513679e+00
1.801277e+00 -3.808325e-01
1.176675e+00 4.463301e-02
9.689351e-01 3.234401e-01
2.079405e+00 -3.765626e-01
1.341775e+00 -9.624212e-01
2.266498e+00 1.439565e-01
1.474216e+00 -1.016489e+00
2.342608e+00 -8.765303e-01
2.337866e+00 2.166679e-01
1.046970e+00 4.023423e-01
1.960541e+00 -1.747407e+00
9.344825e-01 -1.773083e+00
7.201141e-01 -1.785900e-01
1.367186e+00 -1.216801e+00
7.903261e-01 -1.556648e-02
1.991305e+00 1.701198e-02
2.194629e+00 -8.420734e-02
1.607686e+00 -4.464549e-01
1.851220e+00 -9.635580e-01
2.955266e+00 -1.482445e+00
5.599194e-01 1.907298e-01
1.493232e+00 -3.375392e-01
2.298207e+00 -1.000440e+00
2.038047e+00 -1.542695e+00
2.005787e+00 -4.337703e-01
4.019970e-01 -1.709051e-01
-5.398471e-01 -1.700257e-01
2.286193e+00 -7.829825e-01
1.343684e+00 -2.628821e-01
7.840258e-01 -3.729130e-01
1.601557e-01 8.935088e-01
1.916899e+00 -1.174207e+00
2.194728e+00 -9.496061e-01
2.072174e+00 -2.168651e+00
1.203069e+00 -2.951652e-01
2.928660e+00 -2.033983e+00
2.140941e+00 -2.328774e-01
2.230991e+00 -1.388893e+00
6.920808e-01 3.617326e-01
3.553939e+00 -6.975078e-01
2.671595e+00 -1.661675e+00
1.605659e-01 -2.002508e-01
1.032084e+00 -4.975531e-01
2.590464e+00 -4.268635e-01
1.983840e-02 -5.453297e-01
7.475340e-01 -1.517726e+00
1.915912e+00 1.576237e-01
1.122409e+00 1.951798e-01
1.197071e+00 8.984509e-01
1.492454e+00 -2.153891e-01
1.317269e+00 -6.072480e-01
1.813158e+00 -7.907479e-01
1.042732e+00 -4.900223e-01
1.188627e+00 -4.559170e-01
1.890212e+00 -9.015452e-01
8.039483e-01 4.058571e-01
1.703708e+00 -8.590149e-01
2.439884e+00 -3.011713e-01
1.826029e+00 -5.684102e-01
9.774977e-01 3.679506e-01
1.509344e+00 -1.992183e-01
2.285391e+00 -1.034136e+00
2.186105e+00 -4.564581e-01
1.046577e-01 -1.787412e-01
3.268664e+00 -1.029904e+00
2.847646e+00 -4.328405e-01
1.880658e+00 -3.294293e-01
2.082271e+00 -2.674818e-01
2.836823e+00 7.317420e-02
2.537303e-01 -4.767816e-01
1.362178e+00 2.041720e-01
8.685575e-01 4.905381e-01
2.246458e+00 6.273114e-02
3.137041e+00 1.308632e-01
9.560505e-01 7.384964e-01
5.151827e-01 3.935730e-01
2.533063e+00 -6.812431e-01
1.507615e+00 -4.680803e-02
1.832339e+00 -9.478977e-01
-1.137620e-01 5.332910e-01
8.860668e-01 5.306221e-01
2.513719e+00 1.025105e-01
2.597427e+00 -7.629291e-01
5.538912e-01 8.766021e-02
1.026883e+00 -1.027897e+00
2.517293e+00 -9.142840e-01
2.886932e+00 -5.087593e-01
1.185820e+00 -1.322022e-01
2.147516e+00 -2.853887e-01
1.474144e-01 -3.756242e-01
1.177739e+00 5.315635e-01
2.833122e+00 -7.900682e-01
3.174489e+00 -1.815957e+00
6.076940e-01 1.897482e-01
2.639861e+00 -7.460806e-01
7.160808e-01 2.184773e-01
6.600100e-01 -7.730625e-01
-2.339837e-02 2.441766e-01
1.010670e-01 -9.832689e-02
2.026841e+00 -4.662194e-01
6.104582e-01 1.898789e-01
7.946873e-01 -1.412595e-01
1.477491e+00 -1.340289e+00
8.150517e-01 9.415650e-01
2.872995e+00 -8.211222e-01
2.084684e+00 -9.072605e-01
1.365710e+00 -6.727360e-01
1.594308e+00 -9.216726e-01
7.360344e-01 -5.038808e-03
1.941981e+00 -7.434438e-01
3.183304e+00 1.438173e-01
-3.542313e-01 -1.543445e-01
3.765409e+00 -1.550326e+00
2.735957e+00 -9.309199e-01
1.645762e+00 -4.610225e-01
3.666773e+00 -4.378694e-01
2.605038e+00 -1.698382e+00
2.533302e+00 -6.977192e-01
1.254426e+00 -4.926648e-01
2.024760e+00 2.489007e-01
-3.879761e-01 1.443398e-02
2.593311e-01 -1.686486e-01
4.850893e-02 -4.587445e-02
9.693272e-01 6.919526e-01
1.163397e+00 9.078153e-01
2.744154e+00 -1.093797e+00
-4.361100e-01 1.259790e+00
1.129670e+00 3.714820e-01
5.291441e-01 -1.352941e-01
7.936487e-01 4.238371e-01
2.465156e+00 -1.015688e+00
-1.675887e-03 -6.068876e-02
1.753599e+00 -2.030148e-01
1.023896e+00 1.337507e-02
3.173225e+00 2.555823e-02
1.469887e+00 -1.101685e+00
1.344829e+00 -1.554675e+00
1.828227e+00 -9.893028e-02
