2.434597e+00 -1.272247e+00
1.082318e+00 -4.432761e-01
2.211006e+00 -1.035246e+00
1.926747e-01 -3.323448e-01
3.545080e-01 3.788634e-01
3.093367e+00 -8.974936e-02
1.332976e+00 -3.975594e-01
2.500052e-02 -6.842850e-02
2.489442e+00 -1.339157e+00
5.486181e-01 3.562813e-01
1.122087e+00 1.477549e-01
2.718913e+00 -1.464640e+00
1.307066e+00 -8.844445e-01
1.790867e+00 -3.019635e-01
1.149022e+00 6.533345e-01
1.965579e+00 -1.080658e+00
1.993710e+00 -3.720995e-01
1.364187e+00 -6.102300e-01
4.697872e-01 8.550739e-01
1.770713e+00 -4.911932e-01
1.939197e+00 -9.555462e-01
-5.009850e-03 -2.716540e-01
2.438485e+00 -3.702938e-01
1.825028e+00 -5.539873e-01
2.696704e+00 -3.618208e-01
2.560032e-01 -3.029261e-01
5.200042e-02 -1.866326e-01
5.765345e-01 -3.274808e-01
1.615830e+00 -8.595754e-02
6.356476e-01 2.299940e-01
1.378441e+00 -2.589444e-01
1.325471e+00 -3.781595e-01
1.535405e+00 -1.015002e+00
1.815384e-01 -6.602788e-01
1.562537e+00 -7.569631e-01
1.893779e+00 -7.585767e-01
2.839582e+00 -1.274251e+00
1.394927e+00 -7.420576e-01
1.526717e+00 -2.329679e-01
2.542054e+00 1.726402e-01
3.033787e+00 -1.247527e+00
1.415485e+00 2.246396e-01
2.497278e+00 -1.363572e+00
6.327305e-01 2.064839e-01
-1.254314e-01 2.012213e-01
6.546801e-01 5.007526e-01
1.099185e+00 1.031552e+00
1.910968e-01 4.698757e-02
2.821738e-01 -2.665141e-01
1.868425e+00 -9.654566e-01
9.404362e-01 2.456153e-01
2.379040e+00 -1.130419e+00
2.567222e+00 -7.641385e-01
-8.117666e-02 1.910399e-01
6.524233e-03 2.705992e-01
1.052031e-01 -2.532571e-02
1.193744e+00 -2.020091e-01
2.036519e+00 -4.630024e-01
1.891161e+00 -1.361698e+00
3.978508e-01 -7.858195e-01
-2.357945e-01 4.195859e-01
-1.142764e-01 -4.151758e-02
3.241453e+00 -5.925885e-01
3.091263e+00 -1.370373e+00
5.084554e-01 -1.282781e-01
9.401447e-01 4.026631e-02
2.434557e+00 -1.253290e+00
1.676776e+00 -6.668352e-01
3.102498e+00 -9.064629e-01
2.856142e+00 -6.837294e-01
1.005032e+00 -3.874004e-01
2.941709e+00 -1.248947e+00
8.574120e-01 7.838853e-01
1.130139e+00 -2.211948e-01
2.028261e+00 -1.105831e+00
2.489457e+00 -1.031797e+00
2.792545e-01 2.834063e-01
3.181155e+00 -1.241789e+00
2.636240e+00 -3.102061e-01
1.308147e+00 -7.113484e-01
1.360669e+00 -2.652531e-01
5.178336e-01 2.969702e-01
2.481621e+00 -9.213170e-01
5.502601e-01 -1.591143e-01
1.544297e+00 -5.823415e-01
1.580203e+00 5.780619e-01
1.166376e+00 -5.266326e-02
1.922984e+00 -8.898113e-01
9.942624e-01 7.334342e-02
2.522041e+00 -1.561620e+00
1.384708e+00 -5.274650e-01
1.333712e+00 -7.473636e-01
4.750221e-01 1.103292e-01
3.574253e-01 3.836355e-02
9.791182e-01 -6.667097e-01
2.033915e+00 -5.709206e-01
9.781187e-01 -7.120399e-01
2.609094e+00 -1.268240e+00
3.119750e-01 1.985138e-01
1.571701e+00 -9.480543e-01
1.148104e+00 4.362429e-01
3.014341e+00 -1.076730e+00
5.545733e-01 -4.912377e-01
3.218510e+00 -1.341722e-01
5.624274e-01 5.991316e-02
3.067552e+00 -6.160094e-01
4.107291e-01 4.707293e-01
1.878393e+00 -5.520634e-01
3.399520e-01 -2.600659e-01
6.307738e-01 3.568624e-01
2.552700e+00 -1.403435e+00
3.137419e+00 -1.685635e-01
1.558386e+00 -5.306807e-01
1.623993e+00 -4.048279e-01
8.968396e-01 4.528012e-01
1.558327e+00 -4.544451e-01
1.724711e+00 -6.686563e-01
2.218959e+00 -8.449633e-02
2.233432e+00 -4.820444e-01
1.389825e+00 -5.684952e-01
1.608448e+00 -3.943528e-01
6.034036e-01 8.559127e-03
1.783943e+00 -4.778575e-01
1.435956e+00 -6.464046e-01
1.337494e+00 1.705292e-02
1.178679e+00 -4.395858e-01
1.678973e-01 2.276166e-01
1.726481e+00 -6.047738e-01
2.198066e+00 -2.081330e-01
1.260339e+00 -1.403577e+00
6.317288e-01 6.685690e-01
3.083572e+00 -9.184609e-01
4.112252e-02 3.183466e-02
5.273887e-01 -2.149399e-01
1.982206e+00 -1.535364e+00
2.499731e+00 -7.752876e-01
2.283558e+00 2.744374e-01
7.321273e-01 2.280184e-01
6.464394e-01 -1.705759e-01
2.655333e+00 -1.760665e+00
1.484158e+00 -8.812962e-01
1.474096e-01 2.274065e-01
4.252246e-01 -2.100566e-01
1.343576e+00 -1.226700e+00
1.309597e+00 1.079449e-01
2.242501e+00 -1.599715e+00
9.043368e-01 2.827887e-01
2.701525e+00 -1.485711e+00
2.472038e+00 -5.746899e-01
2.678622e+00 -1.825372e+00
1.218256e+00 3.809151e-01
2.857258e+00 -1.450976e+00
2.724704e+00 -1.443664e+00
9.345090e-01 -1.064095e-01
5.140196e-01 4.600904e-01
3.172006e+00 -1.232688e-01
1.337948e-01 -3.493634e-02
1.694037e+00 -1.054868e+00
2.179434e+00 -3.329836e-01
9.455282e-01 2.334829e-02
7.402204e-01 3.962316e-01
1.033645e+00 -5.907789e-01
1.928943e+00 -1.306679e+00
2.104100e+00 -1.099890e+00
6.399871e-01 -2.756163e-01
1.939772e+00 -1.146637e+00
1.358533e+00 -1.207306e+00
-1.139559e-01 -1.821675e-01
1.007697e+00 -1.616115e+00
2.895348e+00 -3.456535e-01
2.488924e+00 -5.144931e-01
8.846625e-01 5.931009e-01
9.196291e-01 -2.323626e-01
2.839124e+00 -1.628875e+00
1.795059e+00 -6.850367e-01
7.740609e-01 -4.113897e-01
2.193522e+00 -1.067993e+00
2.437566e+00 -1.156488e+00
1.596383e+00 -2.809848e-01
1.906449e+00 -9.707193e-01
2.769411e+00 -1.934577e-01
4.602257e-01 5.835149e-01
1.386136e+00 -2.103291e-01
4.231987e-01 5.589882e-01
2.941290e+00 -3.728554e-01
2.721804e+00 -8.363207e-02
1.415737e+00 5.122270e-01
1.149022e+00 4.444999e-01
2.593349e+00 -8.101468e-01
2.205583e+00 -3.618508e-01
2.273748e+00 -3.199753e-01
6.998902e-02 -7.279658e-03
6.278074e-01 -1.143945e-01
2.143061e+00 -4.343726e-02
3.066291e+00 -9.593490e-01
5.818093e-01 -2.040745e-01
1.714320e+00 -8.476387e-01
2.979914e+00 -1.293396e+00
2.731025e+00 -1.288304e+00
9.904834e-01 1.697715e-01
1.949668e+00 -2.611495e-01
-4.528718e-01 -1.142107e-01
1.013939e+00 4.040977e-01
2.388530e+00 -9.729635e-01
2.598747e+00 -1.242505e+00
1.077555e+00 1.002610e-01
2.096253e+00 -5.630676e-01
9.167448e-01 2.933457e-01
8.693009e-01 -7.880721e-01
8.892050e-02 -2.452102e-01
5.462774e-01 -3.196488e-01
1.832260e+00 -1.042846e+00
1.656889e+00 6.510555e-02
9.609528e-01 2.559699e-01
7.313080e-01 -7.085096e-01
7.553943e-01 6.530738e-01
2.845813e+00 -4.103448e-01
2.717034e+00 -1.598484e+00
1.990523e+00 -7.049237e-01
1.495087e+00 -7.875985e-02
8.608320e-01 -1.187124e-01
1.855752e+00 -8.931802e-01
2.002426e+00 -6.403767e-01
-2.792060e-01 6.812082e-02
2.629272e+00 -1.023099e+00
2.606181e+00 -4.110519e-01
2.644378e+00 -4.528219e-02
2.856614e+00 -1.413028e+00
1.894383e+00 -1.833934e+00
1.723188e+00 4.241503e-01
1.459881e+00 2.265439e-01
2.170353e+00 -3.251505e-01
8.172799e-01 -6.738489e-03
-5.554341e-02 1.753611e-01
1.433771e-01 1.690131e-01
4.760907e-01 5.570211e-01
1.036987e+00 3.180544e-01
2.516406e+00 -1.507377e+00
-1.409698e-02 1.686558e-02
1.298840e+00 9.164244e-02
9.563710e-01 -2.817914e-01
5.971525e-01 1.706193e-02
2.106452e+00 -1.076600e+00
-4.747921e-02 3.493012e-01
1.036638e+00 1.252517e-01
-5.242573e-01 2.252012e-01
2.776482e+00 -9.321629e-01
1.863175e+00 -7.325401e-01
1.571606e+00 -1.116462e+00
1.927456e+00 9.811933e-02
