2.048622e+00 -8.887899e-01
1.438097e+00 3.393461e-01
2.095829e+00 -6.641257e-01
-1.974712e-01 -1.218689e-01
-1.168465e-01 -2.305915e-01
2.604537e+00 3.002903e-01
1.304901e+00 4.923417e-01
2.459498e-01 5.241908e-01
2.395162e+00 -1.478535e+00
1.090366e+00 8.004439e-01
1.346305e+00 3.898866e-01
3.505128e+00 -1.475510e+00
1.155782e+00 -7.318119e-01
2.654578e+00 6.560651e-03
1.373490e+00 1.376762e-02
1.902558e+00 -7.327566e-01
2.111568e+00 1.613384e-01
1.034274e+00 -1.465943e+00
-2.915330e-01 6.791270e-01
1.418868e+00 -2.710755e-01
2.305816e+00 -8.229170e-01
5.493102e-01 -3.439226e-01
2.683534e+00 -9.986785e-01
6.185562e-01 -7.886274e-01
2.649677e+00 -9.347421e-01
-2.563544e-01 -1.035341e-01
-1.825863e-01 2.899706e-01
3.602815e-01 6.617703e-01
1.765774e+00 -1.110096e-01
9.126447e-02 -1.618286e-01
2.120397e-01 2.816659e-01
2.092080e+00 3.971503e-01
2.123944e+00 -1.356785e-01
2.262307e-01 2.493836e-01
2.295000e+00 -9.733637e-01
1.872225e+00 -8.301228e-01
3.609720e+00 -1.155353e+00
6.275001e-01 -6.603008e-01
6.856103e-01 -4.277285e-01
1.696817e+00 -6.032522e-01
2.616403e+00 -1.757384e+00
9.530017e-01 -2.289793e-01
2.259039e+00 -1.826856e+00
7.469811e-01 8.382847e-01
5.228800e-01 4.726646e-01
2.045278e-01 4.629353e-01
1.185087e+00 8.072830e-01
8.995803e-02 2.803450e-01
-7.447692e-02 -9.188514e-02
1.239759e+00 -8.187218e-01
5.826126e-01 5.281239e-01
3.401555e+00 -9.395076e-01
3.025051e+00 -1.562681e+00
2.774735e-01 9.457329e-02
4.460524e-01 8.203432e-01
-3.097021e-01 1.349001e-01
1.857925e-01 -6.745930e-02
1.899889e+00 -8.057326e-01
1.773860e+00 -1.167935e+00
-2.995742e-01 -4.337220e-01
8.795127e-02 -4.828617e-01
-2.106244e-01 -3.328249e-01
2.642501e+00 -7.240059e-01
2.458822e+00 -1.745179e+00
2.101787e-01 2.552691e-01
5.916556e-01 -2.046531e-01
2.768597e+00 -1.536522e+00
1.868545e+00 -1.204227e+00
2.453458e+00 -2.001184e+00
2.629844e+00 -2.035014e-01
8.940284e-01 6.661713e-01
3.130045e+00 -1.517977e+00
1.648427e+00 3.716013e-01
1.315604e+00 -4.920464e-01
1.521855e+00 -1.107691e+00
2.746541e+00 -4.844057e-01
3.795964e-01 2.789649e-02
3.289986e+00 -6.840453e-01
1.839013e+00 -3.217317e-01
1.411397e+00 -5.034896e-01
8.844797e-01 -1.658212e-01
1.695980e-01 7.038325e-01
2.969298e+00 -1.016139e+00
6.365298e-01 -4.299971e-01
2.293917e+00 -3.370541e-01
4.729482e-01 -2.668591e-01
2.875374e+00 6.407827e-01
2.178623e+00 -8.789969e-01
1.637317e+00 -6.087964e-01
3.251423e+00 -9.565644e-01
1.478472e+00 1.905130e-03
1.865924e+00 2.785169e-02
4.387751e-01 -6.317500e-01
5.420350e-01 5.243167e-01
1.252635e+00 -1.115899e+00
2.228579e+00 -1.174637e-01
1.463193e+00 -5.356998e-01
2.945468e+00 -5.576008e-01
1.901053e-01 -6.458345e-01
1.148945e+00 -2.448333e-01
8.884832e-01 4.995577e-01
2.226211e+00 -1.369820e+00
8.685635e-01 -5.013672e-01
3.466016e+00 5.447341e-01
7.651272e-01 -8.163224e-01
2.464708e+00 -1.989366e+00
1.038925e+00 8.678741e-01
2.496468e+00 -1.315074e+00
6.866724e-01 4.854674e-01
1.594234e+00 6.699936e-01
2.688056e+00 -2.120804e+00
3.268128e+00 -3.628692e-01
1.300297e+00 -8.656993e-01
8.243698e-01 2.810790e-02
6.369259e-01 6.451958e-02
1.577659e+00 -1.064383e+00
1.973544e+00 -1.265210e+00
3.227205e+00 -1.083279e+00
1.807009e+00 7.049090e-01
1.529263e+00 -1.042633e+00
1.689326e+00 -4.636415e-01
7.880017e-01 5.255655e-01
1.809211e+00 -7.660753e-01
1.601498e+00 -1.233023e+00
1.231474e+00 2.331758e-01
1.529603e+00 -1.042472e+00
6.163519e-01 -3.392211e-01
2.460421e+00 -3.327965e-01
1.924526e+00 -5.741575e-01
1.123898e+00 -1.181862e+00
1.558353e+00 3.326517e-01
2.815955e+00 -5.250167e-01
1.403955e+00 8.998948e-02
1.051849e+00 -1.320225e-01
2.572750e+00 -1.162399e+00
1.811423e+00 -6.478104e-01
2.235227e+00 3.412903e-02
-1.106951e-02 -4.381686e-01
6.088414e-01 -1.545376e-01
3.220170e+00 -5.499395e-01
1.065082e+00 -5.100776e-01
1.205252e+00 -7.786093e-02
3.339234e-01 -2.059306e-01
1.118603e+00 -2.853163e-01
7.230970e-01 -6.906071e-01
2.132392e+00 -1.100756e+00
4.228036e-01 7.750974e-01
2.192230e+00 -2.133950e+00
2.079144e+00 -7.415103e-01
2.951999e+00 -1.494477e+00
9.739121e-01 -2.193998e-01
3.479830e+00 -9.568428e-01
2.652067e+00 -1.095375e+00
8.370677e-01 5.638514e-01
9.139833e-01 3.366675e-01
2.684237e+00 8.268208e-02
8.373576e-01 7.202514e-02
1.816687e+00 -5.679476e-01
2.626556e+00 5.021229e-01
8.618179e-01 -1.225794e-01
3.907698e-01 4.418228e-01
1.578697e+00 -8.048287e-01
9.201098e-01 -2.219527e-01
1.901608e+00 -1.194218e+00
3.241036e-01 -5.370406e-01
1.844738e+00 -1.852528e-01
1.394488e+00 -9.458490e-01
5.418395e-01 8.913546e-02
1.220862e+00 -3.822540e-01
2.883199e+00 -8.069902e-01
1.818829e+00 -6.770785e-01
1.313957e+00 8.180116e-01
5.575245e-01 -3.195482e-01
2.810938e+00 -4.667528e-01
3.055300e+00 5.500801e-01
6.419865e-01 4.918478e-01
2.851002e+00 -1.425781e+00
2.532558e+00 -5.214355e-01
1.931438e+00 -1.178828e+00
1.576262e+00 -3.940981e-01
2.527069e+00 -1.683778e-01
7.346123e-01 6.042489e-02
1.038654e+00 -1.527411e-01
1.084652e+00 4.433321e-01
2.277249e+00 -3.473981e-01
2.187705e+00 -9.200058e-02
7.072163e-01 5.306083e-01
9.056357e-01 6.274625e-01
2.784874e+00 -7.102124e-01
1.757732e+00 -5.390968e-01
2.346348e+00 -1.340172e-01
4.128780e-01 -1.291794e-01
4.763967e-01 5.277689e-01
1.986369e+00 -9.145179e-01
2.803660e+00 -1.737921e+00
7.100210e-01 2.587144e-01
2.052341e+00 -1.432726e+00
3.506654e+00 -1.108589e+00
1.653049e+00 -1.385966e-01
1.048010e+00 -5.005806e-01
2.379282e+00 -5.633867e-01
6.465129e-01 -1.030147e-01
7.512893e-01 -3.165163e-01
2.004006e+00 -9.625206e-01
2.276198e+00 -1.077639e+00
8.541132e-01 -1.190894e-01
2.411404e+00 -7.168815e-01
1.230511e+00 -6.495502e-01
1.788814e+00 -8.663276e-01
-6.327222e-02 3.799883e-01
3.610080e-01 7.465849e-02
1.988264e+00 -6.218967e-01
7.427683e-01 3.536318e-01
1.414495e+00 2.987086e-01
1.264154e+00 -6.365975e-03
7.379878e-01 -4.131717e-02
3.489640e+00 -4.742787e-01
3.709666e+00 -1.178850e+00
1.584699e+00 -5.215418e-01
1.472231e+00 -2.378272e-01
1.282429e+00 4.283447e-01
1.798317e+00 -1.240360e+00
3.026714e+00 -1.279373e-01
1.731387e-01 -1.403046e-01
2.857498e+00 -1.434343e+00
1.773764e+00 -1.292495e+00
1.649600e+00 -3.299290e-01
2.668507e+00 -1.255370e+00
2.359822e+00 -2.384638e+00
2.138970e+00 -4.460345e-02
1.350572e+00 1.138178e-01
2.476946e+00 -1.959139e-01
9.697610e-01 -1.435597e-01
6.705607e-01 5.253480e-01
1.128064e+00 -2.163054e-01
7.456600e-01 -5.014133e-01
6.759979e-02 4.765130e-01
2.926717e+00 -1.890152e+00
7.722885e-02 3.915352e-01
1.113108e+00 5.416765e-01
1.009486e+00 -1.651566e-02
5.835743e-01 7.409416e-01
1.925420e+00 -8.672661e-01
2.268484e-01 1.782527e-01
9.746446e-01 1.362641e-01
-3.066175e-02 -2.341817e-01
3.165158e+00 -4.335563e-01
1.506356e+00 -8.030546e-01
2.246093e+00 -1.272506e+00
2.232999e+00 -4.027286e-01
