2.266441e+00 -1.250491e+00
1.201513e+00 -4.579588e-01
2.349944e+00 -1.181292e+00
1.744668e-01 4.683730e-02
1.330504e-01 -1.622453e-01
2.662159e+00 -4.457185e-01
1.132108e+00 4.803251e-02
1.707923e-01 8.474097e-02
2.358816e+00 -1.062594e+00
6.601155e-01 1.077114e-01
1.132869e+00 -2.805063e-03
2.976136e+00 -1.374085e+00
1.536048e+00 -8.330221e-01
1.923828e+00 -2.565515e-01
1.064547e+00 3.167656e-02
1.798445e+00 -6.162145e-01
1.754835e+00 -1.936454e-01
1.591336e+00 -9.027188e-01
4.921715e-01 1.435917e-01
1.754732e+00 -4.219342e-01
1.550912e+00 -9.740713e-01
3.361489e-01 6.314492e-02
2.496410e+00 -6.875074e-01
1.536248e+00 -7.343515e-01
2.437679e+00 -7.033268e-01
1.279772e-01 3.854008e-02
1.549839e-01 -3.366988e-02
2.935173e-01 -6.546879e-03
1.879040e+00 -7.935970e-02
2.508510e-02 1.931484e-02
1.059325e+00 1.300063e-01
1.042963e+00 -1.241564e-01
1.401895e+00 -4.948621e-01
3.440163e-01 -1.264641e-01
1.920313e+00 -3.375930e-01
1.628965e+00 -7.932171e-01
2.920734e+00 -1.311851e+00
1.651284e+00 -7.708253e-01
1.657522e+00 -8.591479e-01
1.860814e+00 -1.938007e-01
2.781002e+00 -1.465589e+00
9.729337e-01 1.611733e-01
2.348990e+00 -1.213544e+00
8.653955e-01 1.211463e-01
6.525845e-01 1.752740e-01
7.180019e-01 2.248498e-01
8.123475e-01 2.722775e-01
-4.820770e-02 -1.995403e-02
4.402803e-01 3.315632e-02
1.594954e+00 -1.086857e+00
8.661130e-01 3.582216e-01
2.345858e+00 -1.220825e+00
2.443148e+00 -9.938120e-01
2.904604e-01 6.887016e-02
4.529236e-01 2.114568e-01
-2.027634e-02 -1.391320e-01
1.105443e+00 -2.449870e-01
1.759356e+00 -8.294626e-01
1.591668e+00 -8.829100e-01
1.458977e-01 -6.132386e-02
3.642881e-01 1.424020e-01
4.566581e-01 -9.475705e-02
2.782111e+00 -6.808859e-01
3.000772e+00 -1.387205e+00
3.599387e-01 1.524861e-01
1.118847e+00 -9.051105e-02
2.443479e+00 -1.314809e+00
2.376968e+00 -1.186118e+00
2.915853e+00 -8.594402e-01
2.527720e+00 -6.644165e-01
8.585912e-01 1.708173e-01
2.805988e+00 -1.158479e+00
6.172417e-01 1.310049e-01
1.128156e+00 -6.630217e-02
2.154771e+00 -6.555216e-01
2.331460e+00 -1.204110e+00
2.887110e-01 1.893536e-02
2.835518e+00 -1.200079e+00
2.459879e+00 -9.192090e-01
1.671505e+00 -1.059752e+00
1.272753e+00 -5.429436e-01
6.552075e-01 3.322934e-01
2.675021e+00 -3.156287e-01
9.270865e-02 -1.175533e-01
1.887780e+00 -2.051844e-01
9.603314e-01 1.361279e-01
1.050762e+00 -2.336978e-01
2.330932e+00 -1.178682e+00
9.875010e-01 -2.026542e-01
3.006812e+00 -1.319026e+00
1.261864e+00 -5.473438e-01
1.812935e+00 -4.620819e-01
4.074428e-01 -7.194249e-02
2.279987e-01 -7.349751e-02
1.440848e+00 -6.238514e-01
1.839378e+00 -2.462829e-01
1.342110e+00 -5.807300e-01
2.432232e+00 -6.811459e-01
3.992412e-01 -4.366676e-03
1.371070e+00 -7.210939e-01
1.006231e+00 6.553811e-02
2.797555e+00 -8.436305e-01
1.420490e+00 -4.692958e-01
2.681012e+00 -3.343387e-01
3.288263e-01 9.191279e-03
2.775167e+00 -5.899597e-01
1.065149e+00 2.375667e-01
2.142034e+00 -5.708087e-01
1.405487e-01 -5.684262e-02
1.011802e+00 1.396808e-01
2.936462e+00 -1.502020e+00
2.737796e+00 -5.436036e-01
2.201041e+00 -3.532112e-01
1.170865e+00 -2.701659e-01
7.331755e-01 2.195826e-01
1.789440e+00 -4.774623e-01
1.495252e+00 -9.728127e-01
2.616221e+00 -5.748604e-01
2.088830e+00 -1.845354e-01
1.482209e+00 -7.205090e-01
1.940666e+00 -6.210556e-02
6.494808e-01 6.265035e-02
1.660514e+00 -8.114603e-01
1.311268e+00 -5.929813e-01
1.031016e+00 4.816027e-02
1.344343e+00 -7.234264e-01
9.037123e-01 3.137356e-01
1.847042e+00 -4.079020e-01
2.090548e+00 -4.296354e-01
1.566879e+00 -9.751614e-01
1.061062e+00 6.247828e-02
2.429114e+00 -9.960705e-01
5.385616e-01 6.622628e-02
1.209576e+00 -3.295120e-01
2.252786e+00 -1.169895e+00
2.201282e+00 -7.983186e-01
1.944286e+00 -1.529411e-02
7.353460e-01 1.910597e-01
2.137210e-01 6.138043e-02
2.211935e+00 -1.114297e+00
1.478124e+00 -8.839419e-01
6.153899e-01 1.430704e-01
2.627044e-01 8.295835e-02
1.532205e+00 -1.029615e+00
1.784044e+00 -4.355187e-01
2.274472e+00 -1.077618e+00
1.084304e+00 1.101854e-01
2.915090e+00 -1.359024e+00
2.027552e+00 -1.730321e-01
2.928860e+00 -1.131182e+00
6.774873e-01 2.864417e-01
2.761893e+00 -1.117586e+00
2.941558e+00 -1.302599e+00
7.036644e-01 1.703423e-01
7.085652e-01 5.075590e-02
2.726344e+00 -2.089996e-01
3.581519e-01 2.459027e-02
1.503750e+00 -9.143845e-01
1.975984e+00 -1.638744e-01
4.018744e-01 4.019852e-02
9.146808e-01 1.115142e-01
1.395903e+00 -6.551587e-01
1.481570e+00 -9.578647e-01
1.756128e+00 -6.728463e-01
4.623299e-01 6.094891e-02
1.544201e+00 -1.014067e+00
1.533235e+00 -9.267853e-01
6.458598e-01 1.713440e-01
1.518638e+00 -9.735297e-01
2.936122e+00 -9.069585e-01
1.856756e+00 -4.555929e-02
8.935997e-01 1.888255e-01
1.411781e+00 -7.169297e-01
2.506211e+00 -1.002926e+00
2.581541e+00 -5.257348e-01
4.299182e-01 1.485059e-01
2.807270e+00 -1.059971e+00
2.321724e+00 -8.423059e-01
1.769189e+00 -4.491055e-01
2.159660e+00 -5.410963e-01
2.735288e+00 -3.120529e-01
5.537614e-01 1.369774e-01
1.176781e+00 -1.148289e-01
8.086231e-01 2.311033e-01
2.533040e+00 -2.908878e-01
2.577083e+00 -3.822265e-01
9.017392e-01 2.191954e-01
1.024090e+00 1.072056e-01
2.197511e+00 -8.483286e-01
1.956159e+00 -1.041652e-01
1.944841e+00 -9.439142e-02
4.087857e-01 -1.197292e-02
1.160353e+00 1.696972e-01
2.077546e+00 -1.621833e-01
2.899372e+00 -1.100464e+00
3.764382e-01 1.870688e-01
1.297117e+00 -7.632386e-01
3.004757e+00 -1.334624e+00
2.216620e+00 -8.592077e-01
1.229915e+00 -1.993673e-02
1.887990e+00 -1.357103e-01
5.222402e-02 4.045005e-02
8.619772e-01 2.155893e-01
2.505987e+00 -1.056300e+00
3.017798e+00 -1.439780e+00
1.141645e+00 7.132735e-02
2.160274e+00 -6.220085e-01
6.235957e-01 2.191591e-01
1.442707e+00 -9.646053e-01
1.660627e-01 -2.763517e-02
7.203155e-02 -1.900920e-01
2.169904e+00 -3.355473e-01
1.036747e+00 -7.061359e-02
1.154163e+00 3.544526e-02
1.384518e+00 -8.323776e-01
1.043819e+00 1.554193e-01
2.669426e+00 -3.754230e-01
2.946518e+00 -1.290206e+00
1.745120e+00 -2.539319e-01
1.821976e+00 -3.271307e-01
8.267481e-01 1.927655e-01
1.737250e+00 -7.408406e-01
2.593622e+00 -4.365665e-01
1.096609e-01 -8.328567e-02
2.764518e+00 -1.107783e+00
2.401906e+00 -1.182181e+00
1.942520e+00 -6.245001e-02
2.893260e+00 -1.210774e+00
2.402115e+00 -1.128790e+00
1.933960e+00 -3.447018e-02
8.976455e-01 2.182753e-01
2.137825e+00 -1.548990e-01
8.941771e-01 2.814466e-01
2.152097e-01 9.473391e-03
3.304275e-01 1.395432e-02
4.848240e-01 1.062040e-01
8.192722e-01 3.102659e-01
2.855145e+00 -1.316740e+00
2.555507e-02 1.662712e-02
1.158322e+00 5.687349e-03
1.304884e+00 -5.914259e-01
7.156858e-01 2.841736e-01
2.365579e+00 -9.529930e-01
8.340180e-02 -2.990509e-02
1.079004e+00 -1.323437e-01
7.963923e-02 -1.648877e-02
2.614123e+00 -4.107193e-01
2.227933e+00 -5.110379e-01
1.725271e+00 -9.591952e-01
2.069471e+00 -7.886367e-02
