2.317494e+00 -1.130843e+00
1.344263e+00 -2.144345e-01
2.392802e+00 -1.199646e+00
1.469332e-01 1.916525e-03
9.262482e-02 2.710323e-02
2.527376e+00 -3.312941e-01
1.186574e+00 1.094137e-02
1.935655e-01 -3.776045e-02
2.403351e+00 -1.268088e+00
5.263866e-01 8.424160e-02
1.077144e+00 -9.475681e-02
3.063184e+00 -1.454519e+00
1.479755e+00 -9.420523e-01
1.922918e+00 -2.802736e-01
1.209145e+00 -1.137688e-01
1.672215e+00 -2.730881e-01
1.936727e+00 -1.110894e-01
1.711219e+00 -8.807111e-01
3.144040e-01 2.955296e-02
1.709465e+00 -5.106125e-01
1.397790e+00 -9.511294e-01
4.906482e-01 6.600367e-02
2.533006e+00 -5.847952e-01
1.113169e+00 -8.529945e-01
2.372266e+00 -6.993797e-01
3.123040e-02 -1.008235e-01
1.338327e-01 -1.142608e-02
3.244684e-01 4.663475e-02
1.936784e+00 -2.350864e-01
-8.898291e-02 5.471380e-02
1.025098e+00 1.201686e-01
1.209255e+00 -1.738929e-01
1.441210e+00 -4.153948e-01
8.461298e-02 2.320282e-01
1.877783e+00 -3.489428e-01
1.737306e+00 -8.865285e-01
3.043806e+00 -1.391080e+00
1.862864e+00 -8.390430e-01
1.616570e+00 -1.041461e+00
2.100980e+00 -1.295970e-01
2.799059e+00 -1.405917e+00
1.211511e+00 2.183317e-01
2.347487e+00 -1.366016e+00
7.694229e-01 1.001506e-01
5.267852e-01 2.890821e-01
7.384087e-01 3.989738e-01
6.075378e-01 2.084659e-01
-1.337734e-01 -6.114834e-02
4.411300e-01 3.168160e-02
1.581232e+00 -8.595110e-01
8.911048e-01 1.627395e-01
2.361712e+00 -1.121159e+00
2.535729e+00 -1.131285e+00
3.839774e-01 3.660865e-02
3.121301e-01 1.261598e-01
1.788432e-02 -1.749511e-01
1.176364e+00 -2.418362e-01
1.626822e+00 -6.609642e-01
1.734280e+00 -9.690980e-01
1.642414e-01 -3.165847e-02
4.260209e-01 6.758106e-04
-2.213866e-02 1.912832e-01
2.792106e+00 -7.972250e-01
3.005380e+00 -1.360964e+00
4.251384e-01 -2.878460e-02
9.097497e-01 -1.228399e-01
2.248520e+00 -1.137689e+00
2.464864e+00 -1.255775e+00
2.536201e+00 -8.402549e-01
2.504091e+00 -6.136272e-01
9.990127e-01 2.418933e-01
2.761916e+00 -1.279560e+00
7.613729e-01 1.460797e-01
1.128687e+00 2.782420e-02
2.033133e+00 -6.438881e-01
2.451603e+00 -1.211434e+00
3.304791e-01 -3.969125e-02
2.900828e+00 -1.220058e+00
2.391681e+00 -8.063964e-01
1.628962e+00 -8.284625e-01
1.439987e+00 -5.671631e-01
9.103289e-01 2.516725e-01
2.626115e+00 -3.543991e-01
2.393088e-04 -2.302564e-01
1.728638e+00 -3.904468e-01
1.102574e+00 7.314108e-02
1.337215e+00 -4.493713e-01
2.175156e+00 -9.124293e-01
1.136805e+00 -8.357019e-02
2.985178e+00 -1.491815e+00
1.293412e+00 -5.820259e-01
1.924952e+00 -6.034147e-01
5.158280e-01 -6.177383e-05
3.661538e-02 -1.516645e-01
1.343455e+00 -6.882009e-01
1.807976e+00 -2.753743e-01
1.452816e+00 -5.132427e-01
2.457931e+00 -6.998023e-01
2.300335e-01 -1.713346e-01
1.219881e+00 -5.145383e-01
1.107091e+00 1.566046e-01
2.674433e+00 -1.016089e+00
1.232056e+00 -5.748248e-01
2.690465e+00 -4.980677e-01
3.558827e-01 2.889464e-02
2.707700e+00 -6.826212e-01
1.081969e+00 3.282301e-01
2.203021e+00 -5.274512e-01
7.939511e-02 8.264129e-02
8.390849e-01 2.955530e-01
2.880273e+00 -1.192646e+00
2.835160e+00 -6.958276e-01
2.104859e+00 -4.081327e-01
1.265289e+00 -3.172643e-01
6.526196e-01 2.649050e-01
1.617504e+00 -5.190152e-01
1.620205e+00 -8.412513e-01
2.667442e+00 -4.976314e-01
2.034144e+00 -4.644135e-02
1.473634e+00 -9.605585e-01
1.982226e+00 1.019269e-01
6.586248e-01 3.119597e-01
1.807972e+00 -6.049638e-01
1.379836e+00 -5.909245e-01
1.098232e+00 5.105509e-02
1.491534e+00 -8.613762e-01
1.130408e+00 1.143257e-01
1.923916e+00 -1.715449e-01
2.084858e+00 -4.665387e-01
1.641178e+00 -9.365265e-01
1.130969e+00 7.738754e-02
2.641180e+00 -1.139618e+00
5.176438e-01 2.125219e-01
1.242138e+00 -2.854011e-01
2.256905e+00 -1.146031e+00
2.019702e+00 -7.977721e-01
1.927865e+00 -4.486160e-02
7.036020e-01 1.754214e-01
2.699997e-01 -7.303147e-02
2.312752e+00 -1.075464e+00
1.680199e+00 -8.759390e-01
5.882858e-01 7.625717e-02
3.308076e-01 -6.287610e-02
1.501195e+00 -9.282209e-01
1.738944e+00 -2.604506e-01
2.306075e+00 -1.016636e+00
1.000653e+00 1.283014e-01
2.957103e+00 -1.536361e+00
2.073805e+00 -2.695668e-01
2.753395e+00 -1.031423e+00
7.378648e-01 2.706089e-01
2.951330e+00 -1.344683e+00
2.930419e+00 -1.391508e+00
6.047673e-01 1.782369e-01
6.076072e-01 1.983669e-01
2.910322e+00 -2.992866e-01
3.583584e-01 -1.035403e-02
1.635876e+00 -1.068988e+00
2.141251e+00 -1.117849e-01
3.897590e-01 1.483557e-01
8.530847e-01 2.788431e-01
1.487489e+00 -6.622473e-01
1.685778e+00 -8.529568e-01
1.788528e+00 -5.501685e-01
5.405085e-01 5.349090e-02
1.638080e+00 -8.226529e-01
1.356437e+00 -1.079955e+00
6.521246e-01 8.032864e-03
1.515351e+00 -9.312746e-01
2.773723e+00 -8.477703e-01
1.813604e+00 -6.364765e-02
8.134897e-01 1.007883e-02
1.318607e+00 -5.260140e-01
2.456692e+00 -1.122599e+00
2.559200e+00 -5.131266e-01
4.829087e-01 4.846458e-02
2.894384e+00 -1.262433e+00
2.145687e+00 -1.069350e+00
1.922727e+00 -4.103218e-01
2.203337e+00 -8.614242e-01
2.755094e+00 -1.792830e-01
5.890315e-01 1.049623e-01
1.209381e+00 -7.073739e-02
9.288336e-01 3.321016e-01
2.590711e+00 -4.072311e-01
2.593220e+00 -2.544450e-01
8.688000e-01 1.532510e-01
1.006521e+00 2.577257e-01
2.238500e+00 -9.243988e-01
1.944017e+00 -1.370281e-01
1.749099e+00 -3.654009e-02
4.334008e-01 3.556718e-02
1.163406e+00 1.977859e-01
2.101826e+00 -2.174031e-01
2.780061e+00 -1.057216e+00
2.743396e-01 5.356825e-02
1.462857e+00 -9.876018e-01
2.926461e+00 -1.231267e+00
2.078595e+00 -7.401270e-01
9.993000e-01 5.721162e-02
1.934297e+00 -9.909444e-02
3.255049e-02 1.036543e-01
9.305513e-01 3.922570e-01
2.316572e+00 -1.048039e+00
2.985615e+00 -1.361076e+00
1.141214e+00 2.800215e-02
2.378678e+00 -6.271868e-01
4.252536e-01 2.200191e-01
1.578770e+00 -9.687756e-01
1.143625e-01 -1.026270e-01
6.894319e-03 -6.918417e-02
2.185487e+00 -1.729677e-01
9.534990e-01 -2.579065e-01
1.097536e+00 8.014184e-02
1.633487e+00 -1.061670e+00
7.707496e-01 3.236943e-01
2.803542e+00 -5.094042e-01
2.996820e+00 -1.313538e+00
1.741354e+00 -4.251242e-01
1.808770e+00 -3.274740e-01
8.651611e-01 4.060003e-01
1.544836e+00 -8.386007e-01
2.591714e+00 -6.728041e-01
1.745259e-01 5.049298e-02
2.802342e+00 -1.070521e+00
2.518365e+00 -1.246103e+00
2.140229e+00 -1.419259e-01
2.949047e+00 -1.213923e+00
2.643493e+00 -1.191053e+00
1.935525e+00 -2.504445e-01
8.372143e-01 2.749308e-01
2.181500e+00 -4.899291e-02
8.263889e-01 1.522755e-01
2.832489e-01 -1.155112e-01
2.021758e-01 -1.932693e-02
3.197979e-01 -3.483649e-02
1.048837e+00 8.318916e-02
2.855295e+00 -1.343231e+00
1.438439e-02 -2.405643e-02
8.862696e-01 1.105649e-01
1.242699e+00 -3.492230e-01
6.802762e-01 3.225214e-01
2.588928e+00 -1.010869e+00
2.188730e-01 -1.549905e-01
1.148610e+00 7.718277e-02
1.044683e-01 2.276054e-01
2.628675e+00 -5.028571e-01
2.426254e+00 -3.570119e-01
1.476177e+00 -9.693074e-01
1.902028e+00 -4.645804e-02
