1.916049e+00 -1.652860e+00
1.143591e+00 -3.519178e-01
2.165658e+00 -9.245613e-01
1.545702e-01 2.222261e-01
2.101983e-01 -6.966087e-01
2.210697e+00 1.576013e-01
7.383327e-01 3.148058e-01
2.903256e-01 -4.083773e-01
2.599676e+00 -1.338118e+00
7.074709e-01 9.326322e-02
-3.466659e-03 3.104184e-01
3.274757e+00 -1.559718e+00
1.714263e+00 -1.232846e+00
1.588923e+00 -2.409431e-02
8.305556e-01 -6.929035e-02
1.403232e+00 -1.024821e+00
1.964380e+00 -1.205131e-01
1.673012e+00 -9.517102e-01
1.636522e-01 -3.730384e-01
1.359122e+00 -6.603513e-01
1.964622e+00 -8.701764e-01
4.774072e-01 -4.920940e-01
2.617871e+00 -4.459111e-01
2.052293e+00 -8.181239e-01
2.357418e+00 -1.019379e+00
8.112575e-02 -9.185294e-02
5.716244e-01 3.390449e-01
-2.254248e-01 -3.088381e-02
2.894079e+00 -7.266542e-01
-5.634466e-02 2.958286e-01
9.500659e-01 -3.357567e-02
9.236138e-01 -4.481295e-01
1.233886e+00 -1.019232e-01
-2.186754e-01 1.033981e-01
2.277244e+00 -3.093504e-01
1.516908e+00 -5.190470e-01
2.629081e+00 -1.142970e+00
1.594213e+00 -8.199960e-01
2.222201e+00 -5.003792e-01
2.611944e+00 -4.555217e-01
2.531546e+00 -1.195344e+00
1.148009e+00 -6.581499e-01
2.520438e+00 -3.601740e-01
1.611493e+00 -3.908112e-02
9.956979e-01 -1.450889e-01
6.938104e-01 -1.086300e-01
2.396957e-01 5.620106e-01
1.202416e-01 1.759836e-01
7.165547e-01 1.480475e-01
1.160828e+00 -8.725155e-01
7.173155e-01 1.631118e-01
1.987289e+00 -1.803051e+00
2.205261e+00 -8.470252e-01
2.853997e-01 7.167626e-01
3.925194e-01 1.241089e-01
9.378270e-03 -4.258708e-01
1.197165e+00 -6.731592e-01
1.660009e+00 -1.487761e+00
1.580048e+00 -8.716299e-01
3.015117e-01 -5.923512e-01
6.383164e-01 3.235332e-01
-3.452580e-02 4.099477e-01
2.867542e+00 -8.034809e-01
3.200008e+00 -7.043750e-01
4.118544e-01 -1.258191e-01
1.925867e+00 -5.656672e-02
2.506848e+00 -1.272118e+00
1.749579e+00 -1.290605e+00
3.247037e+00 -1.165093e+00
3.073563e+00 -2.635436e-01
5.017095e-01 -2.537369e-01
2.366676e+00 -1.322386e+00
3.517945e-01 7.246468e-01
6.625042e-01 -4.314736e-01
2.778651e+00 -7.580391e-01
2.528685e+00 -1.017009e+00
-3.234525e-01 3.101474e-01
3.129057e+00 -1.003132e+00
2.177411e+00 -8.906836e-01
1.502028e+00 -9.215059e-01
1.021997e+00 -6.759898e-01
1.162511e+00 -5.375077e-01
2.552711e+00 -1.003774e-01
-3.342874e-01 1.400553e-01
2.001506e+00 -4.589965e-01
1.116881e+00 8.101506e-01
9.672544e-01 -8.834376e-01
2.097316e+00 -1.455145e+00
1.286053e+00 -2.484114e-01
3.206895e+00 -1.254701e+00
1.052414e+00 -9.513300e-01
1.244592e+00 -1.581314e-02
5.493100e-01 -1.519186e-01
3.901735e-01 -4.642469e-01
9.661970e-01 -9.433829e-01
1.974630e+00 -4.922405e-01
7.568197e-01 -5.785576e-01
2.751440e+00 -7.329117e-01
8.454716e-01 3.536920e-01
1.790257e+00 -3.133370e-01
1.123429e+00 -3.792809e-01
2.681743e+00 -1.149889e+00
9.624386e-01 -7.881490e-01
2.127591e+00 -4.429475e-02
-1.026041e-01 3.313108e-01
3.311279e+00 -1.019510e+00
7.477384e-01 3.848416e-01
1.979360e+00 -8.934983e-01
2.797921e-01 -3.165796e-01
1.801219e+00 4.288528e-01
3.176756e+00 -1.377656e+00
3.521531e+00 -9.860946e-01
2.432774e+00 -9.959735e-01
2.135025e+00 5.053046e-02
2.674864e-01 3.855516e-01
2.178939e+00 -9.492160e-01
1.383957e+00 -1.357318e+00
2.930543e+00 -4.253445e-01
2.026201e+00 -4.425326e-01
1.347958e+00 -1.122892e+00
2.147001e+00 -5.196436e-01
2.778715e-01 4.742791e-01
1.527710e+00 -3.683931e-02
1.427266e+00 -1.368407e+00
5.429548e-01 -1.854956e-01
1.714392e+00 -5.528168e-01
7.484131e-01 7.000749e-01
1.974269e+00 -4.370650e-01
2.571761e+00 -6.782037e-01
1.747673e+00 -6.939965e-01
1.297011e+00 2.609989e-02
2.816367e+00 -1.912840e-01
4.179085e-01 1.053497e-01
1.601652e+00 -4.219143e-01
2.183105e+00 -1.612143e+00
1.497229e+00 -1.179856e+00
2.351633e+00 -5.228586e-01
9.553296e-01 8.238028e-01
3.712530e-01 -3.511220e-01
2.232933e+00 -9.612965e-01
1.751687e+00 -8.943907e-01
7.856783e-01 5.089927e-01
1.781885e-01 5.861401e-01
1.721964e+00 -1.837786e+00
1.735744e+00 -4.767007e-01
2.741882e+00 -1.399281e+00
1.003141e+00 -3.616256e-01
2.631218e+00 -1.050224e+00
1.566222e+00 1.853910e-01
3.320725e+00 -6.870899e-01
1.252934e+00 4.803781e-01
3.043302e+00 -9.733412e-01
2.998981e+00 -1.506996e+00
1.083784e+00 4.135642e-01
1.014340e+00 1.023278e-01
2.608855e+00 -2.126002e-01
2.950480e-01 1.151396e+00
2.335886e+00 -9.598787e-01
1.899295e+00 7.904244e-02
2.575031e-01 -1.271605e-01
9.593386e-01 5.836506e-02
1.420479e+00 -4.900765e-01
2.075815e-01 -1.687943e+00
1.383777e+00 -5.748875e-01
6.915354e-02 9.513474e-01
1.916240e+00 -1.789747e-01
1.832688e+00 -1.540538e+00
1.916476e-01 -2.117847e-02
1.068353e+00 -5.302194e-01
2.737884e+00 -7.515756e-01
2.464396e+00 6.282264e-01
8.112810e-01 -3.254621e-01
8.640363e-01 -1.577534e-01
2.554951e+00 -1.362133e+00
2.832185e+00 -9.874475e-01
-2.350777e-01 -7.281660e-01
2.267394e+00 -6.256636e-01
2.154059e+00 -9.523490e-01
1.862676e+00 -8.857195e-01
1.992957e+00 -8.697291e-01
2.308289e+00 -5.122723e-01
4.832200e-01 9.333609e-03
1.319484e+00 -2.922809e-01
1.454164e+00 -1.713634e-01
2.400704e+00 -1.835648e-01
2.880246e+00 -7.904906e-01
8.616504e-01 5.481174e-01
3.655795e-01 1.118545e-01
1.630219e+00 -1.221952e+00
1.946200e+00 -2.323647e-01
1.486220e+00 3.823456e-01
2.591919e-01 2.539058e-01
1.657875e+00 -1.940811e-01
2.268193e+00 3.369258e-02
2.305813e+00 -6.860555e-01
5.024377e-01 -1.446812e-01
7.710247e-01 -1.322273e+00
2.859620e+00 -1.861854e+00
2.480252e+00 -1.057553e+00
4.757177e-01 -2.654412e-01
1.517501e+00 -5.956999e-01
-7.251563e-01 1.741094e-02
5.164291e-01 9.808209e-01
2.839344e+00 -3.773251e-01
3.250884e+00 -1.600967e+00
1.204168e+00 -7.370902e-02
2.302726e+00 -2.746613e-01
9.526562e-01 2.149360e-01
1.478956e+00 -7.886047e-01
6.553749e-01 -2.144539e-01
1.105515e-02 -2.242324e-01
2.149477e+00 -7.092615e-02
1.315785e+00 -2.431311e-01
1.496375e+00 -2.578130e-01
8.435713e-01 -7.319802e-01
1.013552e+00 5.062261e-02
2.200414e+00 -3.728261e-01
3.697689e+00 -1.870477e+00
1.738065e+00 -4.091049e-01
1.595715e+00 -4.632656e-01
5.900040e-01 2.935052e-01
1.577236e+00 -1.019011e+00
2.536658e+00 -2.881895e-01
-5.666456e-01 2.638327e-01
2.548759e+00 -8.048188e-01
2.125064e+00 -8.812269e-01
1.991230e+00 -4.884884e-01
2.697935e+00 -7.451321e-01
2.440905e+00 -1.285528e+00
2.449068e+00 2.422346e-01
6.107998e-01 1.218223e-01
1.316480e+00 2.171402e-01
8.285548e-01 5.097011e-01
-5.794348e-01 -1.329939e-01
4.041069e-01 -8.357767e-01
7.857333e-01 -2.608330e-02
1.583513e-01 3.406689e-02
3.156783e+00 -1.715657e+00
-1.627499e-02 -1.738472e-01
2.889661e-01 2.752502e-01
1.610098e+00 -1.177543e-02
7.483629e-01 4.181133e-01
1.813705e+00 -8.681246e-01
3.648220e-03 -5.291791e-02
6.753050e-01 4.040256e-01
-6.077710e-01 9.578766e-02
2.204236e+00 3.811098e-01
2.420311e+00 -5.317813e-01
1.225300e+00 -5.348793e-01
6.999897e-01 4.264704e-02
