2.227268e+00 -8.313411e-01
1.022430e+00 -9.843895e-02
2.290568e+00 -1.429233e+00
4.252014e-01 -8.937910e-02
6.438846e-01 -5.934339e-04
2.690585e+00 -4.634917e-01
1.073485e+00 -9.958483e-02
5.993012e-01 6.363469e-02
2.490317e+00 -1.120454e+00
5.358889e-01 2.773725e-01
1.507714e+00 -2.421491e-01
3.081144e+00 -9.580130e-01
1.237330e+00 -6.352019e-01
2.178724e+00 -4.693948e-01
1.408831e+00 -1.780309e-01
1.875726e+00 -2.344709e-01
2.205318e+00 -6.220104e-01
2.148253e+00 -4.526224e-01
7.291112e-01 1.570341e-01
1.689643e+00 -7.112601e-01
1.117672e+00 -7.885523e-01
6.171933e-01 -1.265776e-02
2.419122e+00 -5.618615e-01
1.245042e+00 -8.047764e-01
2.326537e+00 -5.475704e-01
3.930728e-01 1.234037e-01
1.009173e-01 2.453113e-01
1.777107e-01 2.364772e-01
1.743328e+00 -2.771541e-01
-2.486190e-01 -1.308495e-01
1.310082e+00 -1.401399e-01
4.892238e-01 -1.344979e-01
9.845991e-01 -6.485240e-01
8.589118e-01 -2.433028e-01
2.016699e+00 -3.227471e-01
1.785970e+00 -9.262813e-01
3.302757e+00 -1.196481e+00
1.783580e+00 -8.183516e-01
1.890698e+00 -8.116131e-01
2.119474e+00 4.787519e-02
2.465050e+00 -1.331346e+00
1.001114e+00 4.479517e-01
2.196107e+00 -1.124800e+00
1.372109e+00 2.338549e-01
3.521121e-01 7.974868e-01
5.389723e-01 -6.127706e-02
4.372047e-01 4.051634e-01
3.560446e-01 4.736478e-01
4.674774e-01 -1.973089e-01
1.421993e+00 -9.476043e-01
7.987431e-01 5.929135e-01
2.008991e+00 -1.501748e+00
2.348506e+00 -9.654839e-01
1.936438e-01 -1.380084e-01
7.356405e-01 1.735713e-01
-2.631451e-01 -1.384332e-01
1.345290e+00 -5.862980e-01
1.825302e+00 -8.766125e-01
1.705791e+00 -8.984856e-01
-8.822166e-02 -1.904223e-01
8.368273e-01 7.001829e-01
-1.230144e-01 2.974452e-01
2.871881e+00 -2.171775e-01
2.822065e+00 -1.110421e+00
3.864563e-01 4.177589e-01
1.717659e+00 7.012561e-02
2.052667e+00 -8.210354e-01
2.545082e+00 -1.065526e+00
3.230040e+00 -1.148329e+00
2.352876e+00 -4.085494e-01
7.040298e-01 1.427055e-01
3.203741e+00 -1.042022e+00
4.693506e-01 3.468907e-01
1.470477e+00 -2.847472e-02
2.406497e+00 -7.922588e-01
2.430265e+00 -1.628541e+00
4.283487e-01 8.627126e-02
2.535373e+00 -8.534986e-01
2.603087e+00 -1.192486e+00
1.748358e+00 -1.224559e+00
1.104428e+00 -8.642845e-01
4.995625e-01 3.510365e-01
2.724615e+00 -1.538613e-01
-6.604592e-01 -1.258016e-01
1.711993e+00 -3.835237e-01
1.003610e+00 2.202760e-01
1.260179e+00 -4.521783e-01
2.159231e+00 -1.071606e+00
1.268297e+00 -4.323157e-02
2.749650e+00 -1.597469e+00
1.464169e+00 -3.777960e-01
2.090988e+00 -5.689230e-01
-1.674456e-01 1.154471e-01
-4.554960e-02 -5.041100e-02
1.356162e+00 -4.039946e-01
2.105152e+00 6.541742e-02
1.694664e+00 -5.869955e-01
2.066296e+00 -8.431099e-01
7.697660e-01 7.274008e-02
1.930947e+00 -7.291741e-01
1.653556e+00 1.178537e-01
2.706862e+00 -1.137073e+00
1.495999e+00 -9.397496e-01
2.564936e+00 -4.120691e-01
-2.886549e-01 -2.030769e-02
3.245116e+00 -5.964211e-01
7.918677e-01 5.639767e-02
2.244984e+00 -7.114797e-01
2.299201e-01 -1.658533e-01
6.695610e-01 5.229828e-01
3.100474e+00 -1.851616e+00
2.685387e+00 -4.074474e-01
2.083650e+00 -6.174423e-01
1.149390e+00 -2.474823e-01
5.949344e-01 1.529433e-01
1.713356e+00 -8.544800e-01
1.291291e+00 -1.254204e+00
2.763712e+00 -3.408563e-01
1.759485e+00 -5.253534e-01
1.195466e+00 -4.579540e-01
1.868583e+00 -1.562989e-01
3.820665e-01 3.025156e-01
1.670365e+00 -9.373965e-01
1.070493e+00 -5.410902e-01
1.143956e+00 -2.837148e-01
1.748708e+00 -9.825859e-01
3.411866e-01 6.198583e-01
1.815091e+00 -1.921049e-01
2.554037e+00 -6.259488e-01
1.655046e+00 -6.395273e-01
7.973191e-01 4.827103e-01
2.087515e+00 -9.536655e-01
1.896850e-01 2.662246e-01
9.709475e-01 -4.823104e-01
2.062985e+00 -1.472623e+00
1.979807e+00 -7.381685e-01
1.979483e+00 -1.702217e-01
5.807724e-01 1.335400e-01
-1.203162e-01 -1.868934e-01
2.225974e+00 -1.033751e+00
1.644208e+00 -1.272769e+00
6.485126e-01 1.421616e-01
7.589631e-01 -3.792433e-01
1.553270e+00 -6.691943e-01
1.730851e+00 -6.539161e-01
2.089489e+00 -9.548815e-01
5.254922e-01 1.160528e-01
2.726769e+00 -1.585269e+00
2.173994e+00 -3.077190e-01
2.927660e+00 -1.518980e+00
8.588786e-01 2.277270e-01
3.207381e+00 -1.331071e+00
3.091849e+00 -1.146041e+00
8.918127e-01 6.923401e-01
2.131481e-01 2.329227e-01
2.547502e+00 -4.261733e-01
7.489613e-01 -1.527903e-01
1.792368e+00 -1.246199e+00
2.226916e+00 -1.054310e-01
3.529327e-01 -3.635717e-01
8.663927e-01 2.149452e-02
1.818841e+00 -6.241633e-01
1.319440e+00 -1.089875e+00
1.355687e+00 -2.757396e-01
7.166304e-01 9.238840e-03
2.146812e+00 -9.658241e-01
1.768655e+00 -7.541414e-01
5.027656e-01 2.326189e-01
1.647386e+00 -1.314864e+00
2.879040e+00 -5.255560e-01
1.727058e+00 -1.992758e-01
6.202430e-01 9.001358e-02
1.229936e+00 -1.914121e-01
2.363068e+00 -1.149306e+00
2.523637e+00 -1.018032e+00
-1.629757e-01 -2.982481e-01
2.933288e+00 -1.089313e+00
2.469741e+00 -1.349329e+00
1.732791e+00 -9.113170e-01
2.257001e+00 -1.088395e+00
2.614970e+00 -2.622098e-01
4.262582e-01 -5.022466e-01
1.595039e+00 -2.323205e-01
4.016590e-01 4.472559e-01
2.828432e+00 -4.227558e-01
3.047989e+00 -5.080179e-01
9.501691e-01 3.662204e-01
1.415396e+00 -3.777135e-01
2.843777e+00 -5.798314e-01
2.033327e+00 -3.613381e-01
1.703872e+00 -2.850154e-02
5.259810e-01 1.324644e-01
1.100303e+00 1.931159e-01
1.431831e+00 -2.042212e-01
2.488159e+00 -1.179895e+00
8.148077e-01 -1.768925e-01
1.227366e+00 -1.041931e+00
2.709732e+00 -1.177116e+00
2.439696e+00 -5.092598e-01
8.288981e-01 1.844017e-01
2.172257e+00 3.403440e-01
-9.033174e-02 -5.633596e-01
8.230688e-01 9.885186e-01
2.146593e+00 -8.984463e-01
2.366199e+00 -8.771072e-01
5.674198e-01 -5.982110e-01
2.193170e+00 -5.992112e-01
1.096877e+00 4.409536e-01
9.124685e-01 -9.174498e-01
2.482390e-02 -3.790521e-01
2.316336e-01 2.603609e-01
1.877127e+00 -4.154706e-01
1.124054e+00 -3.985540e-01
9.518723e-01 -1.187920e-01
1.477144e+00 -1.018941e+00
1.144971e+00 -4.185627e-02
2.902819e+00 -6.174218e-01
3.143209e+00 -1.566980e+00
2.039954e+00 -9.193687e-01
1.771710e+00 -6.821578e-01
7.563470e-01 -8.814897e-02
1.626652e+00 -1.103406e+00
2.503183e+00 -5.701050e-01
1.454192e-01 4.040515e-03
3.346200e+00 -1.189870e+00
2.357168e+00 -3.067962e-01
1.950451e+00 1.406478e-01
3.029115e+00 -5.922085e-01
2.033900e+00 -1.519351e+00
1.691026e+00 -5.318164e-02
6.759714e-01 -3.724113e-01
1.771907e+00 -3.212350e-02
5.829572e-01 5.500883e-01
-1.104469e-01 -1.683213e-02
2.315212e-01 6.240964e-02
6.011826e-01 5.313050e-01
1.046496e+00 1.262631e-01
3.139583e+00 -1.147847e+00
5.541348e-01 -4.301998e-02
1.064220e+00 3.800368e-01
7.474034e-01 -5.265203e-01
9.322280e-01 5.070195e-01
1.862795e+00 -1.325507e+00
-5.421984e-01 2.135575e-01
1.177444e+00 3.380937e-01
6.049421e-02 5.920487e-01
2.316621e+00 -5.654576e-01
2.253629e+00 -7.128255e-01
1.749103e+00 -9.207672e-01
1.960235e+00 -1.448474e-01
