2.533700e+00 -1.311177e+00
9.906458e-01 -5.000235e-01
2.435291e+00 -1.271262e+00
2.811814e-01 3.659738e-01
-1.216154e-01 -4.133270e-01
2.656776e+00 -4.412777e-01
1.017048e+00 2.274116e-01
2.157047e-01 -2.035708e-02
2.212458e+00 -1.154808e+00
7.005463e-01 7.341226e-01
1.134143e+00 2.734560e-01
3.005164e+00 -1.767648e+00
1.343905e+00 -8.283629e-01
2.074151e+00 -7.789328e-02
1.293083e+00 -3.096160e-01
1.788595e+00 -2.453964e-01
1.686984e+00 1.678729e-02
1.879111e+00 -1.082868e+00
5.126647e-01 9.119780e-02
1.772008e+00 -7.241788e-01
1.503497e+00 -9.938362e-01
-6.353257e-03 -2.508403e-01
2.358186e+00 -7.903943e-01
1.483201e+00 -6.283089e-01
2.452825e+00 -5.595631e-01
2.477257e-01 -3.095159e-02
2.042517e-01 -6.642303e-02
-5.195995e-02 -1.713589e-01
1.980317e+00 -1.646009e-01
1.657956e-01 -3.825684e-01
7.157907e-01 -2.104130e-01
1.144786e+00 -2.981996e-01
1.365532e+00 -3.617310e-01
5.933070e-01 2.779005e-01
1.706561e+00 -6.350166e-01
1.559012e+00 -5.934139e-01
2.911255e+00 -1.316594e+00
1.549396e+00 -5.288124e-01
1.348696e+00 -9.495009e-01
2.240978e+00 2.399709e-01
2.801284e+00 -1.189880e+00
8.919470e-01 4.078660e-01
2.731278e+00 -1.357018e+00
9.833647e-01 4.634553e-01
6.524325e-01 3.200659e-01
8.521735e-01 6.213930e-01
3.131017e-01 1.975113e-01
-2.444067e-01 1.098616e-03
3.067694e-01 1.816356e-02
1.401049e+00 -9.255985e-01
1.019242e+00 1.651260e-01
2.650871e+00 -9.917776e-01
2.838969e+00 -9.828976e-01
3.008322e-01 -3.135534e-01
2.623916e-01 4.563402e-03
-1.517141e-02 4.689325e-01
1.164354e+00 -5.994927e-01
1.820318e+00 -6.624874e-01
1.516047e+00 -5.053149e-01
-1.658602e-01 2.313564e-01
3.878097e-01 -1.301576e-01
8.288207e-01 1.631413e-01
2.732376e+00 -8.431467e-01
3.027947e+00 -1.445351e+00
7.280917e-01 8.931708e-02
1.297124e+00 5.418327e-02
2.534154e+00 -9.336790e-01
2.728588e+00 -1.069406e+00
2.629257e+00 -8.756835e-01
2.541017e+00 -6.836428e-01
7.553882e-01 2.629281e-01
2.662892e+00 -1.394399e+00
4.487468e-01 3.327883e-01
1.204177e+00 -1.397251e-01
2.369957e+00 -8.524279e-01
2.436273e+00 -1.191982e+00
1.101849e-01 -1.094725e-01
2.769846e+00 -1.213585e+00
2.567567e+00 -1.090743e+00
1.428783e+00 -9.313166e-01
1.002535e+00 -5.930205e-01
1.084105e+00 9.208835e-02
2.663722e+00 -1.509687e-01
2.517907e-01 -7.718184e-03
1.802186e+00 -6.448465e-01
1.094613e+00 -1.099820e-01
8.231620e-01 -1.266824e-01
2.344505e+00 -8.813979e-01
9.847411e-01 2.706479e-02
2.873836e+00 -1.436624e+00
1.521248e+00 -6.122503e-01
1.662537e+00 -7.094767e-01
4.116669e-01 2.242982e-01
-8.954678e-03 1.152948e-01
1.127584e+00 -4.036195e-01
1.870571e+00 -1.968168e-01
1.198966e+00 -5.435778e-01
2.402693e+00 -7.612687e-01
8.604647e-02 -1.218554e-01
1.237687e+00 -5.642861e-01
1.148214e+00 -3.325355e-03
2.787306e+00 -6.076459e-01
1.344060e+00 -6.656035e-01
2.377440e+00 -5.686565e-01
1.423871e-01 4.015747e-01
2.610890e+00 -7.028404e-01
1.043692e+00 4.067290e-01
2.155560e+00 -6.756409e-01
-1.189831e-02 5.094600e-02
8.092521e-01 -1.666823e-02
2.806932e+00 -1.606637e+00
3.146462e+00 -5.697305e-01
2.452677e+00 -3.636068e-01
1.522496e+00 -2.039371e-01
7.886723e-01 -2.514778e-01
1.570974e+00 -5.842174e-01
1.580322e+00 -9.751922e-01
2.829606e+00 -3.993624e-01
2.186660e+00 1.347770e-02
1.671539e+00 -5.941563e-01
1.988055e+00 3.178338e-01
8.693151e-01 -1.323518e-02
1.782187e+00 -1.109728e+00
1.013999e+00 -7.430079e-01
8.975910e-01 -4.804759e-02
1.483014e+00 -5.642179e-01
1.176220e+00 2.897657e-01
1.625353e+00 -4.208896e-01
2.229957e+00 -5.204643e-01
1.272242e+00 -8.584026e-01
1.039964e+00 4.614919e-02
2.689948e+00 -7.101554e-01
8.362496e-01 -5.193536e-02
1.317551e+00 -3.118353e-01
2.367969e+00 -1.374976e+00
1.906393e+00 -7.339722e-01
1.838038e+00 7.586752e-02
4.606035e-01 -5.397118e-02
2.244595e-01 -3.057820e-01
2.621051e+00 -1.149810e+00
1.477137e+00 -8.476212e-01
7.097797e-01 1.505458e-01
3.564997e-01 -1.724496e-01
1.716301e+00 -6.643064e-01
1.766942e+00 -5.770401e-01
2.346124e+00 -1.166245e+00
7.002055e-01 1.054873e-01
3.321005e+00 -1.638527e+00
1.916638e+00 -3.907327e-01
2.692681e+00 -1.272733e+00
7.244824e-01 4.320175e-01
2.913783e+00 -1.358070e+00
3.278450e+00 -1.771271e+00
9.104366e-01 2.858528e-02
6.520324e-01 2.983870e-01
2.336008e+00 -2.688662e-01
3.894024e-01 3.071345e-01
2.105135e+00 -1.272190e+00
2.235078e+00 -1.069450e-01
2.675638e-01 1.251626e-01
6.817187e-01 -4.160453e-02
9.999403e-01 -5.288952e-01
1.545896e+00 -1.080263e+00
2.027579e+00 -8.193461e-01
6.340329e-01 5.172318e-02
1.423115e+00 -9.852833e-01
1.221869e+00 -8.636583e-01
6.639900e-01 2.888715e-01
1.722581e+00 -9.395888e-01
2.506023e+00 -6.471383e-01
1.916704e+00 -5.212745e-01
9.817590e-01 2.973938e-01
1.267645e+00 -6.570834e-01
2.329656e+00 -9.228937e-01
2.577003e+00 -7.386027e-01
7.974711e-01 -5.823761e-02
2.304476e+00 -1.182725e+00
2.441271e+00 -9.801354e-01
1.460932e+00 -6.871433e-01
1.968627e+00 -8.314192e-01
2.628338e+00 -2.191661e-01
5.575697e-01 1.437608e-01
1.502080e+00 7.413687e-02
9.907869e-01 -1.208994e-01
2.462457e+00 -6.605718e-01
2.479391e+00 -1.490567e-01
8.241783e-01 4.427923e-01
1.145243e+00 1.570706e-01
2.444198e+00 -6.238938e-01
2.002851e+00 -9.943858e-02
2.069137e+00 -3.875333e-01
3.691407e-01 2.915190e-02
9.834211e-01 -8.141316e-02
2.221558e+00 -9.836136e-02
2.913830e+00 -8.840340e-01
4.229963e-01 -9.302849e-03
1.691133e+00 -1.110709e+00
2.913265e+00 -1.474238e+00
2.285689e+00 -7.915510e-01
1.225801e+00 2.049858e-01
1.892152e+00 -1.440903e-01
2.662204e-01 1.551073e-01
6.379022e-01 2.929972e-01
2.363265e+00 -1.012485e+00
2.893324e+00 -1.511663e+00
8.708303e-01 1.718920e-02
2.238156e+00 -7.517726e-01
9.516314e-01 7.032891e-01
1.535249e+00 -8.846921e-01
3.058545e-02 5.542362e-02
4.099771e-01 3.684519e-01
2.373788e+00 -1.569391e-01
1.277963e+00 -4.297946e-01
1.047322e+00 1.669837e-02
1.424852e+00 -1.004483e+00
1.181228e+00 6.270004e-02
2.657193e+00 -5.954723e-01
3.026120e+00 -1.038505e+00
1.798864e+00 -3.829539e-01
2.160341e+00 -2.883385e-01
8.863650e-01 3.412076e-01
1.558580e+00 -9.440549e-01
2.595771e+00 -4.473392e-01
-1.136130e-01 1.269313e-01
2.783598e+00 -8.267239e-01
2.381896e+00 -1.195343e+00
1.823331e+00 -2.822939e-01
3.137000e+00 -1.168806e+00
2.498034e+00 -7.821846e-01
1.729335e+00 3.441914e-02
6.293118e-01 1.160876e-01
1.792467e+00 4.007711e-02
4.489827e-01 1.956201e-01
-3.834704e-02 -1.916127e-01
1.969288e-01 2.753409e-01
4.561461e-01 4.487671e-01
1.247555e+00 6.626068e-01
2.962357e+00 -1.308343e+00
7.758513e-02 -7.409157e-02
1.171481e+00 -1.613232e-01
9.119088e-01 -3.284411e-01
6.748033e-01 2.893363e-02
2.289275e+00 -6.611506e-01
2.236506e-01 -3.265974e-01
8.848437e-01 -1.034159e-01
1.479009e-01 -1.719313e-01
2.536650e+00 -4.434198e-01
2.169219e+00 -9.994092e-01
1.680796e+00 -1.237463e+00
1.948564e+00 -2.113040e-01
