2.589647e+00 -1.076829e+00
1.283079e+00 -3.143832e-03
2.746079e+00 -3.647919e-01
2.629075e-01 -1.082405e+00
3.392944e-01 9.758677e-01
3.122070e+00 2.470880e-01
1.154836e+00 3.758091e-01
8.153166e-01 -1.616281e-01
2.079474e+00 -9.469787e-01
1.073321e+00 -1.035157e+00
9.925091e-01 -8.186029e-01
2.913950e+00 -6.186596e-01
1.182751e+00 -1.010022e+00
2.220720e+00 3.173265e-01
1.529726e+00 -1.199101e-03
2.029842e+00 -2.792923e-01
1.571648e+00 -9.777910e-01
1.270639e+00 -2.024214e-01
1.418903e+00 1.938690e-02
2.423360e+00 -5.496562e-01
1.709684e+00 -1.232827e+00
7.797084e-01 -2.708010e-01
2.150835e+00 -5.601676e-01
1.777324e+00 -7.386036e-01
2.308562e+00 -1.108679e+00
-6.850044e-01 -2.146444e-01
5.536091e-02 2.219886e-01
-3.409212e-01 2.719955e-01
1.653657e+00 -3.663941e-01
5.677977e-01 -1.095204e+00
5.053003e-01 1.153160e-01
1.109268e+00 -7.714522e-01
1.084055e+00 -9.080632e-02
-2.215884e-01 4.722500e-01
1.530534e+00 -1.125176e+00
2.045798e+00 -6.784766e-01
2.344181e+00 -1.550553e+00
2.419812e+00 -5.553780e-01
2.042358e+00 -1.463714e+00
2.558453e+00 -7.548783e-01
2.327624e+00 -1.014589e+00
4.327246e-01 8.001608e-01
1.834325e+00 -1.606806e+00
1.360067e+00 -3.233293e-02
1.061154e+00 -2.793670e-01
6.104657e-01 5.454436e-01
3.351834e-01 6.586938e-01
-1.528816e-01 5.117911e-02
2.216949e-02 -2.698122e-01
1.204455e+00 -1.224620e+00
1.484792e+00 7.328206e-01
2.563539e+00 -1.490361e+00
2.061640e+00 -1.491799e+00
1.794742e-01 1.267509e-01
6.890085e-01 5.248359e-02
2.515272e-01 4.110066e-01
1.042176e+00 2.374653e-01
1.254561e+00 -5.257790e-01
1.621897e+00 -8.537170e-01
5.163135e-02 5.302863e-01
1.801650e-01 6.704076e-01
9.621151e-01 2.142913e-01
2.654416e+00 -1.148014e+00
2.095339e+00 -1.115412e+00
-2.088782e-02 -3.556726e-01
1.336054e+00 -1.765514e-01
2.455931e+00 -1.000125e+00
3.098470e+00 -1.080223e+00
2.560736e+00 -8.742014e-01
2.291983e+00 2.580910e-01
1.067202e+00 4.852818e-01
3.454655e+00 -1.531885e+00
1.599790e-01 2.267151e-01
5.095083e-01 -2.556765e-01
1.212389e+00 -1.247406e+00
2.898187e+00 -1.024775e+00
1.049288e+00 -2.466475e-02
2.853151e+00 -1.169327e+00
4.027901e+00 -5.423179e-01
1.201338e+00 -7.795305e-01
1.400014e+00 -2.826938e-01
1.595967e+00 4.915023e-01
2.535959e+00 4.644325e-01
-4.737283e-01 -1.393961e-01
2.210534e+00 -7.455562e-01
9.736009e-01 -1.498893e-01
1.219330e+00 -6.361265e-01
2.301888e+00 -1.202379e+00
1.716029e+00 1.034118e-01
3.286427e+00 -1.307679e+00
1.135351e+00 -4.349797e-01
1.891043e+00 -1.501795e+00
3.542923e-01 3.080661e-01
-1.674126e-01 3.592080e-01
1.472600e+00 -7.280637e-01
2.102425e+00 -4.125645e-01
1.460239e+00 -7.294535e-01
2.763792e+00 -8.593111e-02
1.976797e-01 4.295548e-01
1.211243e+00 -7.549419e-01
8.551666e-01 -6.244620e-01
3.040352e+00 -8.199425e-01
1.389536e+00 1.257640e-01
3.445803e+00 1.776251e-01
2.174165e-01 -1.198631e-01
2.332593e+00 -6.858408e-01
9.731715e-01 4.223398e-01
1.683663e+00 -7.382529e-01
-6.423671e-01 -3.353870e-01
1.338879e+00 -2.804590e-01
3.676383e+00 -8.978229e-01
2.996885e+00 -1.022851e-01
2.075253e+00 -7.852048e-01
1.175362e+00 -1.033722e+00
1.167361e+00 2.175503e-02
1.421549e+00 -8.730028e-01
1.575378e+00 -9.072819e-01
2.674721e+00 -5.644448e-01
2.255531e+00 -6.037383e-01
1.529806e+00 -9.764627e-01
1.074007e+00 -5.751494e-01
2.489774e-01 8.831280e-01
1.902768e+00 -6.219687e-01
1.134571e+00 -8.685424e-01
5.522129e-01 -9.299911e-02
2.022583e+00 -1.389248e+00
6.838417e-01 6.146493e-01
2.249106e+00 -6.264498e-01
2.614513e+00 -5.465077e-01
1.019951e+00 -2.976087e-01
1.090100e+00 1.447396e-02
2.544913e+00 -1.354684e+00
2.327884e-01 7.105838e-01
2.049622e+00 -8.054318e-01
2.128988e+00 -1.146169e+00
2.275193e+00 -1.144099e+00
2.292735e+00 2.076612e-01
1.134876e+00 5.607532e-01
3.435344e-01 4.376776e-01
2.525239e+00 -1.766132e+00
9.478862e-01 -8.054411e-01
1.098770e+00 3.054140e-01
6.289769e-01 -4.417543e-01
1.619750e+00 -4.451201e-01
2.007043e+00 -3.612404e-01
2.571240e+00 -1.067097e+00
1.460273e+00 3.053715e-01
2.949779e+00 -1.829855e+00
2.589094e+00 -6.147744e-01
2.969231e+00 -8.312173e-01
1.422114e+00 2.700219e-01
3.485288e+00 -1.209144e+00
2.723879e+00 -1.403325e-01
2.397829e-01 1.519320e+00
1.378698e+00 -6.714607e-02
2.943016e+00 -9.122089e-01
6.066412e-01 1.563908e-01
1.943354e+00 -1.139346e+00
2.021618e+00 1.101919e-01
2.143542e-01 6.700340e-01
9.994380e-01 3.584425e-01
9.805497e-01 -1.364703e+00
8.881040e-01 -6.550076e-01
1.375131e+00 -3.660488e-01
1.105521e+00 3.665367e-01
1.745966e+00 -6.737868e-01
1.958388e+00 -7.698486e-01
9.499058e-01 -6.540087e-02
1.117218e+00 -1.185261e+00
2.657690e+00 -9.951636e-01
2.418294e+00 -1.337398e+00
8.257938e-01 5.474124e-01
1.650317e+00 -9.778464e-01
3.213745e+00 -1.614970e+00
2.395019e+00 -6.932815e-01
3.331429e-01 6.731912e-01
2.852804e+00 -9.478888e-01
2.621983e+00 -1.220245e+00
1.719807e+00 2.559449e-01
2.351251e+00 -1.198152e+00
2.303881e+00 7.451346e-02
3.491337e-02 -9.963564e-02
1.235662e+00 -9.203554e-02
1.488842e+00 -8.365387e-01
2.824875e+00 -4.655035e-01
3.212686e+00 -4.117059e-01
8.118183e-01 2.265103e-01
7.157141e-01 -1.130216e-01
2.159448e+00 -1.729891e-01
1.695780e+00 -4.479308e-01
1.766398e+00 -1.047217e-01
1.181331e+00 -3.021155e-01
2.156771e+00 2.754977e-01
1.581806e+00 -3.731652e-01
2.009594e+00 -1.122010e+00
9.247375e-01 8.213215e-02
1.772109e+00 -6.240266e-01
3.435486e+00 -1.757795e+00
2.615621e+00 -7.576259e-02
2.229015e+00 6.246815e-01
2.018104e+00 -5.307662e-01
-1.984141e-01 -9.859000e-02
1.716329e+00 -3.189671e-03
2.521337e+00 -6.159799e-01
1.518969e+00 -1.835016e+00
1.933930e+00 5.062711e-01
2.628319e+00 -1.044549e+00
1.352330e+00 -1.478553e-01
1.492905e+00 -5.707803e-01
5.795081e-01 1.985731e-01
2.613304e-02 -8.341810e-01
2.130792e+00 -1.279739e+00
1.445659e+00 -6.506715e-01
9.970733e-01 -1.652004e-01
1.692538e+00 -1.208247e+00
1.142389e+00 1.986744e-01
2.757138e+00 -2.794897e-01
2.450566e+00 -1.850851e+00
2.431635e+00 -1.116846e+00
2.726482e+00 -5.896426e-01
3.946051e-01 6.109734e-01
1.431810e+00 -6.550744e-01
3.114445e+00 -1.668617e-01
2.439971e-01 2.743098e-01
2.856691e+00 -6.953064e-01
1.920956e+00 -5.245479e-01
1.942079e+00 -3.876200e-02
2.735485e+00 -9.559102e-01
2.883988e+00 -1.538825e+00
1.962369e+00 -2.509561e-02
1.138872e+00 7.533199e-02
1.831422e+00 2.582440e-01
1.050729e+00 3.364415e-01
7.431453e-01 -6.092512e-01
6.883902e-01 1.759162e-01
-1.169728e-01 6.164860e-01
1.119778e+00 5.581404e-01
2.840501e+00 -1.014875e+00
-3.196193e-01 -5.925779e-01
1.080863e+00 3.227200e-01
1.733571e+00 -4.049641e-01
7.771128e-01 6.705730e-01
2.312388e+00 -1.211510e+00
8.428531e-01 -1.443510e-01
1.525551e+00 5.531974e-01
1.450216e-01 1.030779e-01
3.362273e+00 -1.041838e+00
1.559195e+00 -1.615450e-01
1.456616e+00 -5.118331e-01
1.981016e+00 2.553987e-01
