2.788267e+00 -8.015142e-01
1.203583e+00 -2.507455e-01
2.677771e+00 -1.551138e+00
3.030483e-01 3.626326e-02
3.946506e-01 -3.717778e-01
2.657986e+00 -5.843413e-01
1.235966e+00 -3.312988e-01
3.806501e-02 3.081818e-02
1.951927e+00 -1.744891e+00
1.031342e+00 -6.085462e-02
5.602958e-01 -3.692719e-01
2.930975e+00 -7.785698e-01
1.405629e+00 -6.684830e-01
1.787314e+00 -5.117266e-02
1.032536e+00 1.933137e-01
1.359784e+00 -4.831642e-01
1.938164e+00 -6.084339e-02
1.167383e+00 -1.011565e+00
6.674615e-01 1.429917e-01
2.448798e+00 -6.146635e-01
8.208410e-01 -1.135119e+00
-6.516257e-01 2.699854e-01
2.542409e+00 -4.333648e-01
1.624263e+00 -4.258375e-01
1.556270e+00 -1.468360e+00
-2.222728e-01 -1.263352e-01
1.964836e-01 2.442463e-02
2.375883e-01 -6.003313e-01
1.621008e+00 -2.596307e-01
-3.739710e-02 -1.903343e-01
1.139212e+00 -3.270222e-01
9.328982e-01 1.635221e-01
1.377156e+00 -6.504809e-01
1.603070e-01 -1.794308e-01
1.721680e+00 -4.874960e-01
1.550570e+00 -6.793717e-01
3.090887e+00 -1.797514e+00
2.323780e+00 -1.046022e+00
1.725073e+00 -1.359367e+00
2.560520e+00 7.079208e-02
3.081759e+00 -1.448230e+00
3.375781e-01 7.476780e-01
2.701251e+00 -1.298046e+00
1.029749e+00 -2.441294e-01
5.863476e-03 2.166084e-01
4.370880e-01 4.089839e-02
6.878043e-01 -2.305987e-01
-2.402640e-02 -4.101961e-01
8.379558e-01 3.202209e-02
1.771075e+00 -1.612524e+00
1.022673e+00 7.936458e-01
2.408263e+00 -1.007377e+00
2.344064e+00 -9.263126e-01
9.055985e-01 8.346094e-01
5.360858e-01 -3.311380e-01
2.333536e-01 -4.587398e-01
9.747142e-01 -4.345910e-01
2.442639e+00 -2.551646e-01
2.059835e+00 -6.271634e-01
-1.226475e-01 6.886533e-02
1.126059e+00 2.255146e-01
7.298956e-01 -5.798343e-01
3.059158e+00 -1.169497e+00
2.891129e+00 -8.268063e-01
5.966203e-01 3.733359e-01
1.025168e+00 -7.000268e-01
2.014132e+00 -9.510911e-01
2.516246e+00 -5.524941e-01
2.849409e+00 -1.171505e+00
2.536690e+00 -1.998048e-01
2.532937e-01 3.559177e-01
2.393171e+00 -1.098715e+00
1.056418e+00 4.409143e-01
1.631871e+00 1.798035e-02
2.361136e+00 -4.497010e-01
2.001300e+00 -1.249982e+00
-6.515047e-01 1.284819e-01
1.865661e+00 -9.499705e-01
3.060606e+00 -8.209351e-01
1.812842e+00 -5.129584e-01
1.171997e+00 -1.070715e+00
7.399347e-01 -4.940120e-02
2.727495e+00 -2.616279e-01
-7.608466e-02 -2.841620e-01
1.016863e+00 -4.601969e-01
8.347486e-01 2.329582e-02
1.506904e+00 3.988489e-01
2.135063e+00 -9.145053e-01
1.226037e+00 3.536124e-01
2.624292e+00 -1.719453e+00
1.021329e+00 -1.421270e+00
1.784792e+00 -8.258530e-01
4.324647e-01 -8.727895e-01
1.265776e-01 -1.172841e-01
1.114504e+00 -1.841442e-01
1.566283e+00 -1.380033e-01
1.104671e+00 -1.242821e-03
2.471555e+00 -4.284850e-01
6.151579e-01 4.564576e-01
1.396837e+00 -1.114309e+00
1.192986e+00 2.208023e-01
1.696809e+00 -1.563535e+00
1.579036e+00 -3.267904e-02
2.682771e+00 -9.845618e-02
3.613502e-01 1.947074e-02
2.727606e+00 -6.831817e-01
1.113250e+00 3.678931e-02
2.615234e+00 -9.436539e-01
7.328326e-01 -1.000619e-01
9.268673e-01 -2.806884e-02
3.060519e+00 -1.481104e+00
2.600432e+00 -4.622417e-01
2.558144e+00 -8.462731e-01
1.523041e+00 1.842899e-01
-9.611397e-03 -1.377814e-01
2.206658e+00 -4.535354e-01
2.200522e+00 -1.025521e+00
2.544375e+00 5.501243e-03
1.704460e+00 -2.106246e-01
1.637731e+00 -5.929714e-01
1.657991e+00 -2.042832e-03
4.898147e-01 -4.744539e-01
1.533066e+00 -1.345891e+00
1.104839e+00 -1.087700e+00
1.358995e+00 1.617557e-01
1.986605e+00 -1.150329e+00
9.874820e-01 -2.009732e-01
1.609092e+00 -4.572147e-01
2.832770e+00 -2.206016e-01
1.478353e+00 -5.576324e-01
1.298645e+00 6.758230e-02
2.717810e+00 -1.041048e+00
1.584713e+00 5.297517e-01
1.081165e+00 -3.471728e-02
2.503395e+00 -1.043349e+00
2.377359e+00 -1.026530e+00
1.845570e+00 5.019418e-01
8.362260e-01 -2.942369e-02
2.559248e-01 -1.958131e-01
2.618009e+00 -1.320737e+00
1.614027e+00 -1.186346e+00
1.349936e+00 3.419650e-01
5.882679e-01 2.824411e-01
1.444110e+00 -3.847778e-01
1.785844e+00 2.486550e-01
2.189647e+00 -9.020473e-01
1.005200e+00 3.050537e-01
2.345401e+00 -1.732800e+00
2.613445e+00 -6.778530e-01
3.194792e+00 -2.216457e-01
8.394200e-01 9.572017e-01
3.129201e+00 -1.123937e+00
3.109086e+00 -1.423188e+00
6.987408e-01 3.962750e-02
8.188001e-01 9.999095e-01
3.184138e+00 -2.213932e-01
5.729646e-01 -1.692865e-02
2.088045e+00 -1.565546e+00
2.665966e+00 -3.011108e-01
2.871798e-01 -4.010552e-01
9.994350e-01 -4.500116e-02
1.777462e+00 -3.883143e-01
1.223843e+00 -1.241858e+00
1.485329e+00 -1.036646e+00
2.740019e-01 -2.837591e-01
1.990649e+00 -1.146676e+00
1.685628e+00 -6.909552e-01
-2.777170e-02 4.473578e-01
9.152054e-01 -1.271233e+00
3.048212e+00 -7.874214e-01
1.787808e+00 -8.021638e-01
1.276752e+00 3.809857e-01
1.022450e+00 -9.732859e-01
2.828656e+00 -8.949694e-01
2.045694e+00 -8.272042e-01
1.198075e+00 4.457510e-01
2.845991e+00 -1.080313e+00
1.430192e+00 -4.553780e-01
1.620863e+00 -7.807322e-01
2.462314e+00 -9.494448e-01
2.006182e+00 -1.663075e-01
-2.883904e-02 8.672591e-02
1.263724e+00 -2.008299e-01
7.350801e-01 8.155748e-01
3.191978e+00 -6.806570e-01
2.413142e+00 -5.077809e-01
8.911116e-01 1.979704e-01
1.641937e+00 7.833314e-02
1.843791e+00 -1.114343e+00
2.050125e+00 -2.405681e-01
2.058497e+00 -1.965607e-01
6.608302e-01 1.291797e-03
6.071008e-01 -5.185005e-02
2.840169e+00 3.250302e-01
2.431815e+00 -5.109447e-01
5.127900e-01 -1.122489e-01
1.314689e+00 -7.915367e-01
3.304131e+00 -1.256399e+00
2.350512e+00 -4.577519e-01
9.526197e-01 1.116377e-01
2.105041e+00 -5.619647e-02
3.455310e-01 -2.781397e-01
1.260562e+00 2.524659e-02
2.610536e+00 -9.520716e-01
2.710615e+00 -7.668034e-01
1.709663e+00 -2.933146e-01
2.462214e+00 -6.765102e-01
4.643514e-01 3.479476e-01
1.761127e+00 -8.168443e-01
7.854366e-02 4.732987e-01
6.197392e-01 -2.739138e-01
2.128186e+00 -9.098182e-01
1.505001e+00 2.711140e-01
1.211397e+00 -3.232195e-01
2.041153e+00 -1.093470e-01
8.698619e-01 2.822935e-01
3.030368e+00 -1.609373e-01
2.997492e+00 -6.726466e-01
1.221747e+00 -1.013724e+00
1.767486e+00 1.160912e-01
1.197902e+00 -3.204631e-01
2.731269e+00 -5.987740e-01
2.141168e+00 -5.147789e-01
4.141837e-01 4.496879e-01
2.814647e+00 -8.589871e-01
2.346809e+00 -1.190924e+00
2.278982e+00 4.163424e-01
2.452586e+00 -1.308730e+00
2.197457e+00 -1.475276e+00
1.601007e+00 -9.060014e-02
5.500428e-01 -2.057742e-01
1.955124e+00 -4.940366e-01
1.015108e+00 6.435305e-02
-2.485636e-01 8.398655e-01
-4.520495e-01 3.283527e-01
6.512494e-01 -7.605370e-02
5.243837e-01 8.793853e-01
3.759951e+00 -1.458754e+00
-1.601532e-01 4.170421e-01
9.955861e-01 2.415942e-01
1.493470e+00 -4.574578e-01
8.058446e-01 3.610217e-01
2.056544e+00 -1.215676e+00
2.143597e-01 -1.902193e-01
2.149861e+00 4.014045e-03
-5.905132e-01 -1.054176e+00
2.875031e+00 -4.140627e-01
2.675217e+00 -7.586618e-01
1.591850e+00 -7.875821e-01
1.948472e+00 -1.989855e-01
