2.487827e+00 -8.476281e-01
9.308047e-01 -3.716725e-01
2.266118e+00 -1.275571e+00
-5.334021e-02 -6.998891e-02
-9.269248e-02 -8.099320e-02
2.923253e+00 -1.663717e-01
1.534136e+00 8.982759e-02
2.782220e-01 1.070790e-01
2.129142e+00 -1.605974e+00
8.220037e-01 -2.177674e-01
1.324964e+00 2.060960e-01
2.780989e+00 -1.458030e+00
1.454781e+00 -1.087023e+00
2.048382e+00 1.836835e-02
7.915615e-01 -1.987030e-01
1.770739e+00 -2.600613e-01
2.024799e+00 -7.201330e-01
1.601091e+00 -7.314748e-01
2.690978e-01 -1.335957e-01
1.642951e+00 -4.865560e-01
1.340708e+00 -8.173923e-01
1.439527e-01 -2.177649e-01
2.455873e+00 -2.553764e-01
1.533509e+00 -6.810610e-01
2.577909e+00 -9.211568e-01
-8.358647e-02 -1.920921e-01
3.627862e-01 4.322008e-02
-1.942013e-01 2.975767e-01
1.842058e+00 3.408163e-03
2.498753e-01 -5.688261e-01
1.145116e+00 3.966527e-02
5.786388e-01 -2.717350e-01
1.201492e+00 -3.262897e-01
2.512847e-01 2.930569e-02
1.767297e+00 -6.175006e-02
1.800027e+00 -7.529528e-01
2.737704e+00 -1.285365e+00
2.272840e+00 -6.700942e-01
1.388933e+00 -5.553128e-01
1.846983e+00 2.880789e-02
2.930080e+00 -1.341973e+00
1.066543e+00 7.796895e-02
2.299730e+00 -1.468802e+00
6.051678e-01 3.142700e-01
5.610889e-01 1.032082e-02
1.354181e+00 7.671190e-01
8.350833e-01 3.674266e-01
-1.730877e-01 -2.624140e-01
3.884671e-01 6.921224e-02
1.732755e+00 -1.359346e+00
1.276857e+00 2.942384e-01
2.023594e+00 -1.165925e+00
2.233616e+00 -1.279128e+00
7.943258e-02 -5.293291e-02
8.813265e-01 6.653037e-02
1.553858e-01 2.056611e-01
1.173903e+00 -5.012464e-01
1.335681e+00 -8.690265e-01
1.859499e+00 -7.250627e-01
2.698677e-01 6.701830e-02
4.159276e-01 -4.600004e-02
1.863406e-01 -3.079171e-01
3.187432e+00 -7.417474e-01
2.875521e+00 -9.523014e-01
9.108061e-01 6.757148e-01
1.038979e+00 3.574877e-02
2.503397e+00 -8.371003e-01
2.406047e+00 -1.383933e+00
2.636822e+00 -5.821321e-01
2.682873e+00 -6.070412e-01
8.509094e-01 1.899976e-01
3.132143e+00 -1.332489e+00
5.206836e-01 6.364189e-01
1.141439e+00 -9.224233e-02
2.318729e+00 -8.702263e-01
2.525207e+00 -1.287015e+00
5.059690e-01 -3.483855e-01
2.982892e+00 -1.315007e+00
2.293859e+00 -8.357682e-01
1.538573e+00 -8.562382e-01
1.611342e+00 -4.257630e-01
5.340684e-01 1.136968e-01
2.800137e+00 -1.812281e-01
1.484562e-02 2.344177e-02
1.856041e+00 -3.249372e-01
7.370136e-01 -1.526141e-01
7.391669e-01 -3.050796e-01
1.966986e+00 -5.872654e-01
1.275949e+00 -3.262187e-01
3.211379e+00 -1.120925e+00
1.594616e+00 -7.600678e-01
1.959346e+00 -1.645262e-01
6.851176e-01 -3.228204e-01
9.979150e-02 -2.081830e-01
1.726247e+00 -4.454474e-01
2.060063e+00 -1.455858e-01
1.421011e+00 -8.050114e-01
2.423998e+00 -6.628006e-01
2.468831e-01 -1.507228e-01
1.297537e+00 -7.599797e-01
1.040043e+00 2.082951e-02
2.669526e+00 -1.149000e+00
1.319179e+00 -3.627994e-01
2.856562e+00 -7.337922e-01
5.101062e-01 1.476380e-01
2.975782e+00 -4.746543e-01
8.094562e-01 1.194674e-01
2.547857e+00 -1.927491e-01
8.655952e-02 1.123545e-01
1.098052e+00 5.908498e-01
2.984995e+00 -1.608443e+00
2.671618e+00 3.370651e-04
1.851611e+00 -4.496326e-01
1.726554e+00 -4.533735e-01
4.351811e-02 -3.841934e-01
1.579113e+00 -9.794486e-01
1.796261e+00 -9.009243e-01
2.269563e+00 -8.491802e-01
2.286468e+00 -7.782601e-02
1.746121e+00 -5.904206e-01
1.700007e+00 9.553697e-02
7.212762e-01 -2.834236e-01
1.404031e+00 -2.049165e-01
1.144758e+00 -5.525744e-01
1.030737e+00 9.104027e-02
1.389925e+00 -5.969348e-01
1.148448e+00 2.330704e-01
1.643793e+00 -4.345455e-01
1.755818e+00 -4.288154e-01
1.137011e+00 -9.087196e-01
1.114757e+00 3.094884e-01
2.199569e+00 -1.181400e+00
8.154603e-01 -2.227737e-01
1.682872e+00 -5.188944e-01
2.098586e+00 -9.626818e-01
2.307754e+00 -3.647909e-01
1.590454e+00 5.625794e-03
7.506248e-01 -7.211172e-03
7.217160e-01 5.360996e-02
2.272023e+00 -1.013346e+00
1.217459e+00 -1.215907e+00
4.598333e-01 1.787624e-01
6.505376e-01 -1.704377e-01
1.345195e+00 -8.373332e-01
1.780988e+00 -8.299634e-01
2.107782e+00 -1.206764e+00
9.095512e-01 2.257938e-01
2.677238e+00 -1.397839e+00
2.263119e+00 -8.362695e-01
2.802615e+00 -1.549272e+00
6.277150e-01 -1.607477e-01
2.902615e+00 -8.633340e-01
2.754986e+00 -1.541135e+00
6.723737e-01 3.040471e-01
4.380268e-01 1.021205e-01
2.509795e+00 -3.998330e-01
4.183975e-01 1.359010e-01
1.237209e+00 -8.897642e-01
2.643715e+00 2.403605e-01
2.880693e-01 8.037078e-02
9.347898e-01 3.079980e-01
1.254085e+00 -6.973260e-01
1.319713e+00 -6.763895e-01
1.791273e+00 -6.166727e-01
6.454784e-01 2.986051e-01
1.788179e+00 -6.975909e-01
1.816405e+00 -1.119661e+00
5.921708e-01 3.393506e-01
1.351934e+00 -1.042628e+00
2.844059e+00 -8.842408e-01
1.928295e+00 -3.944482e-01
9.115300e-01 2.498543e-01
1.694642e+00 -6.766145e-01
2.305651e+00 -8.492713e-01
1.850560e+00 -6.267737e-01
3.608600e-01 1.323258e-01
3.119950e+00 -7.473081e-01
2.289411e+00 -1.280199e+00
1.674767e+00 -5.705260e-01
2.265611e+00 -7.039878e-01
2.529253e+00 -5.932997e-01
3.407951e-01 -9.069631e-02
1.502956e+00 -2.673539e-01
8.494559e-01 4.547901e-01
2.655696e+00 -5.800876e-01
2.849921e+00 -2.301088e-01
4.219367e-01 5.023627e-01
1.198760e+00 2.214501e-01
2.584637e+00 -7.096741e-01
2.160121e+00 8.257635e-02
2.109013e+00 -5.002102e-01
2.493220e-02 2.211349e-01
1.328133e+00 -7.865215e-02
1.776921e+00 -7.458997e-02
2.542180e+00 -1.206108e+00
3.839386e-01 1.907253e-02
1.833449e+00 -9.520391e-01
2.914777e+00 -1.615384e+00
2.434035e+00 -9.454528e-01
1.359511e+00 -5.408256e-01
1.929868e+00 -7.697794e-02
3.614351e-01 -1.636327e-01
1.071064e+00 1.141372e-01
2.462941e+00 -8.270867e-01
2.760113e+00 -1.204185e+00
1.148214e+00 -2.601431e-02
2.019470e+00 -1.093353e+00
6.960105e-01 1.385586e-01
1.593233e+00 -7.580854e-01
4.484638e-01 2.248924e-01
8.087603e-01 9.176119e-02
1.905253e+00 -1.438385e-01
1.549223e+00 -1.155836e-01
5.999220e-01 1.820532e-01
1.304921e+00 -1.151425e+00
1.070727e+00 -2.182063e-01
2.953291e+00 -2.914736e-01
2.960593e+00 -1.458877e+00
1.760404e+00 -6.617034e-01
1.756339e+00 -1.154808e+00
7.883322e-01 2.571964e-01
1.865126e+00 -7.379225e-01
2.782503e+00 -3.603472e-01
2.843753e-01 5.629855e-01
2.931462e+00 -1.011703e+00
2.654129e+00 -1.269570e+00
1.984589e+00 -2.410318e-02
2.889378e+00 -1.207658e+00
2.618125e+00 -1.475446e+00
2.440214e+00 7.066004e-03
8.588325e-01 5.617896e-01
2.044261e+00 -1.030633e-01
7.796933e-01 5.645296e-01
1.913498e-01 -1.435025e-01
5.568011e-01 2.717702e-01
8.766458e-01 2.426938e-01
1.112417e+00 1.828343e-01
3.199786e+00 -1.187059e+00
1.186953e-01 -3.431614e-01
1.001209e+00 1.565870e-02
1.403955e+00 5.689416e-02
9.337917e-01 4.606906e-02
2.353666e+00 -6.584050e-01
1.549955e-02 2.019790e-01
1.148030e+00 -8.164557e-02
-5.937539e-02 -6.832304e-01
2.689984e+00 -6.977985e-01
1.830124e+00 -4.658716e-01
1.862967e+00 -1.264189e+00
2.226591e+00 -3.097263e-01
