2.367086e+00 -1.094303e+00
1.101483e+00 -5.237801e-01
2.338109e+00 -1.404653e+00
8.489195e-02 1.276327e-01
-1.962136e-02 1.375727e-01
2.790662e+00 -3.372251e-01
1.041735e+00 6.553004e-02
1.531766e-01 -9.573777e-02
2.297192e+00 -1.381374e+00
4.873487e-01 1.424823e-01
1.130539e+00 -4.725613e-02
2.946147e+00 -1.539571e+00
1.559892e+00 -8.599359e-01
1.963408e+00 -6.623143e-02
1.117607e+00 -7.083400e-02
1.903099e+00 -4.937321e-01
1.863067e+00 -2.082830e-01
1.662034e+00 -8.547972e-01
4.941607e-01 -4.350962e-02
1.712374e+00 -3.572820e-01
1.540133e+00 -8.557238e-01
3.782837e-01 -5.059907e-02
2.606846e+00 -4.490470e-01
1.467115e+00 -7.373967e-01
2.496039e+00 -6.035866e-01
-6.647946e-03 2.334673e-02
4.052887e-01 3.752292e-02
1.263278e-01 -6.856915e-02
1.907239e+00 -4.669796e-02
3.439653e-02 -7.650906e-02
9.735723e-01 1.119574e-01
1.116118e+00 2.746838e-02
1.402430e+00 -2.123234e-01
1.292333e-01 7.227383e-02
1.856459e+00 -5.039924e-01
1.822848e+00 -7.424519e-01
3.077172e+00 -1.498666e+00
1.636582e+00 -9.637647e-01
1.789529e+00 -8.369535e-01
1.944424e+00 -2.973693e-01
2.961590e+00 -1.261875e+00
8.275441e-01 2.993879e-02
2.263771e+00 -1.083735e+00
8.119908e-01 2.047250e-01
7.304980e-01 1.139121e-01
5.733645e-01 3.701284e-01
8.681754e-01 2.284481e-01
3.338111e-02 1.370505e-01
4.805729e-01 2.304843e-02
1.580205e+00 -8.034234e-01
8.103284e-01 1.660409e-01
2.380917e+00 -1.128384e+00
2.491143e+00 -1.004358e+00
2.222265e-01 8.820539e-02
4.218603e-01 -3.215303e-02
8.656669e-02 -5.071227e-02
1.032576e+00 -3.558883e-01
1.667424e+00 -7.201737e-01
1.512785e+00 -9.573219e-01
7.963720e-02 8.948862e-02
6.349354e-01 2.369471e-01
4.548888e-01 1.106781e-01
2.564157e+00 -7.599049e-01
2.918293e+00 -1.256107e+00
1.890342e-01 9.300645e-02
1.070022e+00 1.356253e-01
2.530466e+00 -1.304954e+00
2.295194e+00 -1.142240e+00
2.993280e+00 -8.345511e-01
2.405537e+00 -6.356465e-01
9.257121e-01 2.544503e-01
2.782104e+00 -1.227756e+00
6.796615e-01 3.622498e-01
1.044102e+00 -1.259174e-01
2.116853e+00 -8.293213e-01
2.265122e+00 -1.067720e+00
1.252993e-01 -1.169647e-01
2.737165e+00 -1.274103e+00
2.656283e+00 -1.020060e+00
1.578548e+00 -1.046260e+00
1.326107e+00 -4.646965e-01
7.874700e-01 4.673757e-01
2.837636e+00 -3.653758e-01
8.921933e-02 1.593155e-01
1.828998e+00 -2.427536e-01
1.216702e+00 1.362289e-01
1.274914e+00 -2.205025e-01
2.351533e+00 -9.736910e-01
9.853609e-01 -1.595338e-01
2.907171e+00 -1.237589e+00
1.190606e+00 -4.147371e-01
1.887596e+00 -3.094077e-01
2.372804e-01 2.035626e-02
1.805547e-01 5.545370e-03
1.348662e+00 -5.838979e-01
1.878861e+00 -1.366920e-01
1.210132e+00 -4.449125e-01
2.630239e+00 -7.847062e-01
4.317940e-01 1.317399e-01
1.206904e+00 -6.222304e-01
1.020446e+00 4.724714e-02
2.830354e+00 -1.010955e+00
1.469012e+00 -6.271559e-01
2.800488e+00 -5.799645e-01
3.031619e-01 7.354227e-03
2.759210e+00 -7.566440e-01
8.961133e-01 2.684235e-01
2.263895e+00 -5.826157e-01
-1.722113e-02 1.770044e-01
8.493423e-01 4.363155e-02
2.687645e+00 -1.330800e+00
2.752423e+00 -5.756358e-01
2.195727e+00 -4.287719e-01
1.187727e+00 -1.553325e-01
8.488489e-01 2.862537e-01
1.702852e+00 -5.056308e-01
1.523854e+00 -1.081473e+00
2.640113e+00 -5.376026e-01
2.025073e+00 1.063429e-01
1.333736e+00 -6.910193e-01
1.918223e+00 -3.202983e-01
5.418191e-01 2.775917e-01
1.741580e+00 -6.967144e-01
1.494974e+00 -7.571060e-01
9.569875e-01 -1.983891e-01
1.513794e+00 -7.474027e-01
1.021506e+00 7.699577e-02
1.666310e+00 -4.545700e-01
2.001037e+00 -1.843055e-01
1.635639e+00 -1.007270e+00
1.082555e+00 1.371315e-02
2.508059e+00 -1.053108e+00
5.625537e-01 -1.512036e-02
1.320255e+00 -3.626535e-01
2.213398e+00 -9.706704e-01
2.206352e+00 -7.613690e-01
2.089941e+00 -2.591730e-01
8.824940e-01 2.143301e-01
3.738786e-01 -1.684331e-01
2.243783e+00 -1.112723e+00
1.711030e+00 -8.663688e-01
4.898375e-01 1.441283e-01
5.083406e-01 2.246267e-03
1.556144e+00 -1.155515e+00
1.780188e+00 -5.986420e-01
2.297248e+00 -1.058080e+00
7.103157e-01 3.417880e-01
2.926983e+00 -1.372004e+00
1.999496e+00 -3.894461e-01
2.778612e+00 -9.529229e-01
5.142410e-01 -4.434660e-03
2.888661e+00 -1.230629e+00
2.934901e+00 -1.355969e+00
8.466033e-01 1.693490e-01
6.836021e-01 2.983932e-01
2.547601e+00 -5.526369e-01
4.194959e-01 2.899929e-01
1.561296e+00 -9.393835e-01
1.919108e+00 7.531769e-02
4.207247e-01 3.082994e-02
1.042372e+00 1.536480e-01
1.205656e+00 -5.410600e-01
1.415424e+00 -1.024687e+00
1.953864e+00 -7.064006e-01
4.317999e-01 3.055511e-02
1.460894e+00 -8.864493e-01
1.507222e+00 -9.795368e-01
7.055309e-01 1.268079e-01
1.425257e+00 -1.095335e+00
2.830993e+00 -8.757114e-01
2.078958e+00 -1.471874e-01
8.334636e-01 2.377289e-01
1.196972e+00 -6.267704e-01
2.483817e+00 -9.845950e-01
2.692313e+00 -2.712301e-01
5.477307e-01 2.045906e-01
3.125561e+00 -1.199275e+00
2.249452e+00 -9.914086e-01
1.880580e+00 -4.516469e-01
2.094796e+00 -7.151577e-01
2.795841e+00 -4.613467e-01
4.441741e-01 4.279741e-03
1.182113e+00 3.842777e-02
6.151552e-01 2.521168e-01
2.511154e+00 -2.305727e-01
2.607135e+00 -2.936559e-01
9.025969e-01 3.519681e-01
1.231965e+00 2.216681e-02
2.120208e+00 -8.614122e-01
1.822170e+00 -4.273779e-02
2.062816e+00 -1.663394e-01
3.086659e-01 3.724308e-03
1.068612e+00 1.111181e-01
1.774139e+00 -2.387931e-01
2.817181e+00 -1.256619e+00
1.469439e-01 -1.392680e-01
1.275285e+00 -8.252423e-01
2.855045e+00 -1.396183e+00
2.314770e+00 -8.183693e-01
1.116774e+00 1.295123e-02
1.848424e+00 -1.871152e-01
-2.694143e-02 -4.997566e-02
9.843945e-01 3.791493e-01
2.415388e+00 -9.758324e-01
2.650503e+00 -1.414736e+00
1.024335e+00 2.114225e-01
2.209698e+00 -5.768029e-01
7.623251e-01 2.165977e-01
1.621184e+00 -1.130026e+00
2.291211e-01 1.056903e-01
-9.351128e-02 7.092696e-02
2.010829e+00 -3.135212e-01
1.110084e+00 -1.145543e-01
1.035546e+00 1.529117e-01
1.491379e+00 -9.479182e-01
1.084861e+00 4.448040e-02
2.735253e+00 -4.859924e-01
3.078650e+00 -1.278425e+00
1.797527e+00 -5.147303e-01
1.633700e+00 -5.141048e-01
6.992640e-01 2.548842e-02
1.532890e+00 -6.250347e-01
2.494892e+00 -3.616561e-01
1.710853e-02 1.226255e-01
2.967446e+00 -1.143014e+00
2.174301e+00 -1.375924e+00
1.921857e+00 9.113779e-02
2.828285e+00 -1.206622e+00
2.563541e+00 -1.090179e+00
2.001201e+00 -3.133905e-02
9.786767e-01 1.926766e-01
1.942125e+00 -1.230072e-01
9.473120e-01 4.376575e-01
2.255574e-01 6.241672e-02
3.667414e-01 1.913770e-03
5.797603e-01 2.341286e-01
7.627382e-01 8.021636e-02
2.915479e+00 -1.327131e+00
9.767988e-02 -1.094399e-01
8.128636e-01 -3.032335e-02
1.265673e+00 -5.991181e-01
6.615880e-01 3.196732e-01
2.467913e+00 -9.261566e-01
9.170295e-02 -1.050881e-01
1.082322e+00 9.836821e-03
-1.114262e-01 1.685017e-01
2.634473e+00 -5.252768e-01
2.231640e+00 -3.859236e-01
1.600131e+00 -9.147153e-01
2.170126e+00 1.220663e-01
