2.080914e+00 -1.184433e+00
1.295199e+00 -3.198019e-01
2.444244e+00 -1.193063e+00
3.224045e-01 -1.979169e-02
-2.934104e-02 -2.336893e-01
2.849652e+00 -6.195762e-01
1.085007e+00 3.914801e-01
3.041207e-01 -4.375399e-02
2.063993e+00 -9.206161e-01
8.167819e-01 2.730766e-01
1.078134e+00 1.209987e-01
2.947077e+00 -1.498347e+00
1.591206e+00 -8.912372e-01
2.002540e+00 -1.368963e-01
1.173668e+00 -1.964798e-02
1.765880e+00 -5.067905e-01
2.295818e+00 -9.499402e-02
2.027378e+00 -8.365973e-01
4.018209e-01 -9.095259e-02
2.031733e+00 -5.455269e-01
1.809448e+00 -1.104843e+00
4.574394e-01 -2.125510e-01
2.481711e+00 -5.776466e-01
1.334298e+00 -8.343167e-01
2.491898e+00 -5.998503e-01
-2.349173e-01 -9.270176e-02
2.982921e-01 5.699319e-02
3.505861e-01 8.422351e-02
1.763395e+00 -4.780940e-02
3.238799e-02 3.123576e-01
1.157408e+00 1.685034e-01
1.205174e+00 4.305938e-02
1.363358e+00 -5.496141e-01
3.650232e-01 1.295043e-01
1.994091e+00 -1.696126e-01
1.896529e+00 -6.315761e-01
3.077186e+00 -1.471843e+00
1.500770e+00 -8.797918e-01
1.558134e+00 -7.671338e-01
1.630171e+00 -2.729879e-01
2.913053e+00 -1.521601e+00
9.066650e-01 6.255131e-02
2.252969e+00 -1.287238e+00
1.043525e+00 3.268026e-01
8.182381e-01 2.057458e-01
8.737247e-01 3.381548e-01
7.910973e-01 1.171110e-01
-5.624120e-02 1.464772e-01
3.909983e-01 -1.112464e-01
1.500835e+00 -7.383552e-01
7.295579e-01 2.855447e-01
2.278551e+00 -1.093689e+00
2.507307e+00 -1.273935e+00
3.506855e-01 -2.320682e-01
3.411595e-01 4.454325e-02
2.612912e-01 4.369575e-02
1.098357e+00 -2.902314e-01
1.816792e+00 -8.892794e-01
1.761410e+00 -1.004076e+00
8.531932e-02 -8.727541e-02
2.197492e-01 -2.442348e-01
3.371860e-01 6.380297e-03
2.827969e+00 -7.916404e-01
3.298958e+00 -1.329381e+00
2.754652e-01 -8.500808e-02
1.093654e+00 -4.836173e-02
2.188200e+00 -1.211020e+00
2.386211e+00 -9.441979e-01
2.674313e+00 -8.996489e-01
2.769211e+00 -5.229989e-01
7.743453e-01 1.279655e-01
2.689572e+00 -1.148101e+00
9.319964e-01 4.650472e-01
9.278476e-01 4.688641e-02
2.194115e+00 -6.893363e-01
2.301671e+00 -1.471745e+00
3.476408e-01 -1.956039e-01
2.778998e+00 -1.205618e+00
2.194552e+00 -1.190375e+00
1.741817e+00 -9.416728e-01
1.240177e+00 -5.822525e-01
8.654767e-01 3.903485e-01
2.543352e+00 -4.993583e-01
1.860241e-01 6.957176e-02
1.625736e+00 -5.359585e-01
9.692574e-01 1.619937e-01
1.243469e+00 -5.186083e-01
2.272964e+00 -1.157777e+00
9.687585e-01 -6.774745e-02
2.945831e+00 -1.258938e+00
1.205961e+00 -5.493681e-01
1.582199e+00 -4.748528e-01
4.044439e-01 8.912597e-02
2.253477e-01 9.011161e-02
1.253729e+00 -4.840784e-01
2.125612e+00 -3.157826e-01
1.531676e+00 -4.923818e-01
2.484945e+00 -7.041366e-01
4.061483e-01 1.473981e-01
1.399155e+00 -6.933477e-01
7.375956e-01 2.123654e-01
2.549645e+00 -1.136160e+00
1.261491e+00 -7.281960e-01
2.757824e+00 -4.393383e-01
4.308933e-01 -2.190805e-01
2.687916e+00 -7.124611e-01
9.755219e-01 2.825891e-01
2.025913e+00 -6.390994e-01
1.744380e-01 -3.281285e-01
1.000011e+00 3.111208e-01
2.722320e+00 -1.385843e+00
2.985311e+00 -5.966650e-01
2.191084e+00 -3.219597e-01
1.470213e+00 -2.748352e-01
5.864295e-01 3.136614e-01
1.727597e+00 -7.215256e-01
1.492475e+00 -9.161899e-01
2.676064e+00 -5.506995e-01
1.869813e+00 8.063031e-02
1.382754e+00 -9.362145e-01
1.868405e+00 1.385764e-02
6.776968e-01 7.789534e-02
1.708190e+00 -7.024654e-01
1.250268e+00 -8.587962e-01
1.144785e+00 -4.020178e-02
1.478964e+00 -7.643323e-01
9.496809e-01 1.474692e-01
1.754027e+00 -4.687904e-01
2.016455e+00 -2.756069e-01
1.721321e+00 -7.817121e-01
1.069996e+00 2.839542e-01
2.425034e+00 -1.108664e+00
7.489484e-01 1.529402e-01
1.016756e+00 -9.737020e-02
2.196227e+00 -1.221724e+00
2.329882e+00 -5.352900e-01
1.866438e+00 9.416471e-02
8.831322e-01 1.177042e-01
2.733651e-01 2.140920e-01
2.067371e+00 -9.199270e-01
1.716194e+00 -8.699343e-01
5.514474e-01 3.849733e-01
6.666273e-01 -6.188717e-02
1.675828e+00 -6.852343e-01
1.700980e+00 -3.732435e-01
2.450368e+00 -1.448860e+00
1.059474e+00 5.364452e-02
2.990234e+00 -1.208808e+00
1.720277e+00 -9.096976e-02
3.150107e+00 -1.258300e+00
7.155426e-01 3.572451e-01
2.650107e+00 -1.115162e+00
3.113794e+00 -1.268151e+00
7.878682e-01 9.387921e-02
8.570163e-01 1.905975e-01
2.530540e+00 -3.417206e-01
3.972810e-01 -2.038989e-01
1.564615e+00 -1.019959e+00
2.138691e+00 -3.618537e-01
5.607041e-01 2.497453e-01
6.849846e-01 -3.348755e-02
1.596998e+00 -7.647251e-01
1.913770e+00 -1.170204e+00
1.746666e+00 -6.900301e-01
3.482876e-01 9.212173e-02
1.631279e+00 -9.857593e-01
1.330634e+00 -7.603185e-01
7.458074e-01 1.994237e-01
1.630242e+00 -8.550602e-01
2.694645e+00 -7.551157e-01
1.836346e+00 -3.017733e-02
8.929001e-01 3.060097e-01
1.278610e+00 -5.245977e-01
2.311681e+00 -1.001055e+00
2.686294e+00 -4.915483e-01
5.007610e-01 3.274216e-01
2.989089e+00 -9.688144e-01
2.327207e+00 -8.292514e-01
2.019882e+00 -5.399986e-01
2.326141e+00 -6.664537e-01
2.627043e+00 -3.318985e-01
5.625637e-01 -1.191161e-02
1.267171e+00 -1.124282e-01
8.481161e-01 4.317414e-01
2.630983e+00 -1.237934e-01
2.559728e+00 -4.616198e-01
8.621450e-01 -1.657561e-01
1.133423e+00 1.534204e-03
2.138512e+00 -7.964980e-01
1.928651e+00 -2.071084e-01
1.657347e+00 7.589712e-02
4.938862e-01 3.217510e-01
9.736768e-01 -1.271370e-01
2.161215e+00 -1.587014e-01
2.949576e+00 -9.421619e-01
5.164034e-01 9.187485e-02
1.451074e+00 -1.041776e+00
3.058152e+00 -1.162618e+00
2.301433e+00 -1.118101e+00
1.083322e+00 2.011316e-01
1.863451e+00 5.974943e-02
1.686135e-01 7.735754e-02
8.402632e-01 2.419863e-01
2.503454e+00 -1.181569e+00
3.003010e+00 -1.743508e+00
9.903247e-01 1.235376e-01
2.323312e+00 -5.649857e-01
5.190247e-01 3.561991e-01
1.293143e+00 -7.904572e-01
5.822128e-02 -1.268369e-01
-1.934688e-02 -1.789798e-03
2.067182e+00 -2.543537e-01
1.193315e+00 -4.325633e-01
1.105880e+00 -1.868292e-01
1.319753e+00 -9.115489e-01
9.690075e-01 -1.131648e-01
2.920161e+00 -2.215466e-01
3.294769e+00 -1.177189e+00
1.745543e+00 -4.970771e-01
1.707784e+00 -2.510377e-01
7.526402e-01 4.097606e-01
1.845994e+00 -7.773443e-01
2.364259e+00 -4.938426e-01
7.691528e-02 1.651810e-01
2.841782e+00 -1.221393e+00
2.531285e+00 -1.198415e+00
1.654475e+00 -7.122416e-02
2.943555e+00 -1.340610e+00
2.393288e+00 -1.010234e+00
2.039303e+00 -3.186040e-01
1.122387e+00 4.425043e-01
1.950058e+00 -3.990230e-01
9.348838e-01 1.474041e-01
2.683698e-01 2.876529e-01
1.205879e-01 -1.000069e-01
4.959649e-01 2.841370e-01
1.358024e+00 2.744619e-01
2.745599e+00 -1.398787e+00
-1.064869e-01 1.004280e-01
1.139371e+00 -1.201379e-01
1.170316e+00 -5.216760e-01
7.112478e-01 2.183656e-01
2.466162e+00 -7.912959e-01
7.535846e-02 -9.823536e-02
9.348126e-01 -7.638029e-02
8.848647e-02 -2.543905e-01
2.523299e+00 -3.038888e-01
2.232928e+00 -4.681014e-01
1.723438e+00 -9.712096e-01
1.906875e+00 6.704623e-02
