2.377900e+00 -1.083951e+00
1.091720e+00 -6.527423e-01
2.553463e+00 -9.477077e-01
-7.106559e-02 -2.629422e-02
2.897156e-01 -3.971483e-01
2.488169e+00 -3.209175e-01
1.011580e+00 9.583395e-03
4.898099e-01 -1.595336e-01
2.308364e+00 -1.205663e+00
6.700281e-01 1.781910e-01
1.526536e+00 2.941452e-01
2.699125e+00 -1.515113e+00
1.325083e+00 -1.093972e+00
1.696846e+00 -1.502613e-01
9.832661e-01 -1.690539e-01
2.122318e+00 -6.250382e-01
1.805957e+00 -8.128340e-02
1.589420e+00 -1.033627e+00
4.012393e-01 4.009197e-01
1.725436e+00 -5.738013e-01
1.627548e+00 -1.014582e+00
7.989360e-01 -1.235825e-01
2.838319e+00 -3.829618e-01
1.353118e+00 -8.112086e-01
2.339854e+00 -8.043561e-01
-8.807791e-03 1.294210e-02
-1.175126e-01 3.119839e-02
1.478084e-01 4.567133e-02
2.008129e+00 -1.787440e-01
1.013546e-01 -1.999095e-02
1.171495e+00 1.489734e-01
1.142232e+00 -3.999482e-02
1.521795e+00 -4.434515e-01
6.540838e-02 -8.351263e-02
1.806786e+00 -3.012799e-01
1.715440e+00 -9.492978e-01
2.977633e+00 -1.365131e+00
1.845235e+00 -1.014216e+00
1.548634e+00 -1.079369e+00
2.336039e+00 8.528531e-02
2.661043e+00 -1.517397e+00
1.166457e+00 2.101721e-01
2.457793e+00 -1.146654e+00
1.014376e+00 3.735640e-01
6.618915e-01 6.649055e-03
4.448589e-01 2.018444e-01
3.945187e-01 2.513634e-01
-4.672136e-02 3.288039e-01
5.216730e-01 6.417872e-02
1.301129e+00 -1.171267e+00
9.202932e-01 1.864466e-01
2.795761e+00 -1.214688e+00
2.460872e+00 -1.289041e+00
4.742244e-01 -1.538786e-01
5.078791e-01 1.841489e-01
1.891285e-02 2.978731e-01
1.101929e+00 3.901984e-02
1.471343e+00 -6.479522e-01
1.583623e+00 -1.051232e+00
-6.895339e-02 -6.284875e-02
3.909804e-01 8.932006e-02
4.719595e-01 -1.216372e-01
3.090970e+00 -8.709449e-01
3.075236e+00 -1.337630e+00
4.343893e-01 7.858972e-02
9.337621e-01 -5.328824e-02
2.132429e+00 -1.296157e+00
2.313069e+00 -1.023907e+00
2.746139e+00 -9.173409e-01
2.583652e+00 -5.382561e-01
8.029421e-01 2.950468e-01
2.829184e+00 -1.259672e+00
7.034026e-01 3.981106e-01
1.056804e+00 -3.039869e-02
1.953103e+00 -4.630642e-01
2.260989e+00 -1.134766e+00
2.155544e-01 5.513781e-02
2.959130e+00 -1.288729e+00
2.131667e+00 -8.199914e-01
1.547421e+00 -8.962000e-01
1.450477e+00 -6.776116e-01
8.596630e-01 1.057886e-01
2.764975e+00 -3.525315e-01
2.903183e-02 -1.209733e-02
1.634509e+00 -3.451982e-01
1.066562e+00 2.174518e-01
1.491568e+00 -3.444485e-01
2.262667e+00 -1.256291e+00
1.399363e+00 -3.208924e-01
3.000506e+00 -1.475688e+00
1.337091e+00 -8.046621e-01
1.953397e+00 -5.987535e-01
5.377920e-01 -1.452908e-01
3.134571e-01 -1.637650e-01
1.211656e+00 -5.537938e-01
1.719840e+00 -3.995379e-01
1.196270e+00 -5.608826e-01
2.522154e+00 -6.695867e-01
3.343844e-01 1.258540e-01
1.521296e+00 -5.289931e-01
9.935578e-01 -8.927246e-02
2.484091e+00 -9.559500e-01
9.789955e-01 -5.921069e-01
2.951816e+00 -5.939619e-01
1.023228e-01 1.142788e-01
2.303606e+00 -6.481416e-01
1.219187e+00 3.710157e-02
1.976434e+00 -4.732740e-01
-9.561744e-02 1.175092e-01
7.609373e-01 5.047964e-01
3.021625e+00 -1.335273e+00
3.067167e+00 -5.136786e-01
2.191173e+00 -7.774414e-01
1.098323e+00 -9.291037e-02
4.224146e-01 4.509304e-02
1.580083e+00 -5.232023e-01
1.731898e+00 -7.959342e-01
2.594028e+00 -4.321311e-01
1.860657e+00 -1.561142e-01
1.519151e+00 -6.561692e-01
1.587725e+00 -8.172810e-02
8.366889e-01 1.876323e-01
1.717710e+00 -8.369152e-01
1.583567e+00 -7.309623e-01
1.055655e+00 -2.931524e-02
1.435708e+00 -5.669152e-01
7.878319e-01 2.262611e-01
1.909258e+00 -4.475085e-01
2.092487e+00 -4.051318e-02
1.224982e+00 -1.028470e+00
1.092232e+00 2.442270e-02
2.958650e+00 -8.346396e-01
3.024832e-01 -3.189021e-01
1.289451e+00 -4.440923e-01
2.519419e+00 -1.194827e+00
2.090268e+00 -8.254210e-01
2.174248e+00 -4.112488e-02
1.059252e+00 1.931008e-01
4.543795e-01 1.513269e-01
2.400398e+00 -1.199903e+00
1.678176e+00 -9.577452e-01
5.120122e-01 -2.783375e-02
9.660414e-03 2.364690e-01
1.663484e+00 -1.175991e+00
1.932897e+00 -1.917000e-01
2.442028e+00 -1.318353e+00
8.190374e-01 1.128861e-01
3.109692e+00 -1.287593e+00
2.529112e+00 -4.799405e-01
2.855799e+00 -1.511356e+00
7.362361e-01 3.516771e-01
3.118277e+00 -1.189145e+00
2.645204e+00 -1.366083e+00
8.499953e-01 6.306214e-02
6.171706e-01 -3.133144e-02
2.552923e+00 -1.420777e-01
4.613347e-01 -2.225203e-01
1.442258e+00 -9.518904e-01
1.990156e+00 -2.120613e-01
5.102758e-01 4.535402e-02
5.041499e-01 1.097340e-01
1.244934e+00 -5.228065e-01
1.598824e+00 -1.201643e+00
1.797399e+00 -6.993289e-01
3.989271e-01 -7.704359e-02
1.547878e+00 -7.667314e-01
1.491690e+00 -9.142175e-01
5.764154e-01 3.622655e-01
1.329017e+00 -1.099047e+00
2.573791e+00 -7.994945e-01
2.114328e+00 -1.983572e-01
7.380371e-01 4.985649e-01
1.416059e+00 -5.703369e-01
2.416377e+00 -8.923866e-01
2.593520e+00 -6.387726e-01
4.205306e-01 -9.845776e-02
2.651204e+00 -1.139021e+00
2.431300e+00 -1.114637e+00
1.930071e+00 -6.173439e-01
1.881101e+00 -6.234400e-01
2.957570e+00 -4.634120e-01
2.650039e-01 1.858155e-01
9.892694e-01 -6.799082e-03
1.031978e+00 2.979380e-01
2.750479e+00 -2.023429e-01
2.801493e+00 -3.003442e-01
1.035187e+00 2.562523e-01
1.073140e+00 6.657709e-01
2.266061e+00 -1.151396e+00
1.878413e+00 -1.982214e-01
1.897448e+00 5.586921e-02
5.848555e-01 1.599201e-02
8.205514e-01 9.333225e-02
1.929573e+00 -9.660420e-02
2.841068e+00 -9.621692e-01
5.087794e-01 -2.337958e-02
1.183334e+00 -8.207234e-01
2.895473e+00 -1.371328e+00
2.358958e+00 -1.141016e+00
9.706505e-01 8.733992e-03
1.847541e+00 -1.666866e-01
1.506573e-01 9.422104e-02
8.808655e-01 -1.046734e-01
2.339839e+00 -9.456327e-01
3.094317e+00 -1.228078e+00
1.261735e+00 6.752834e-02
2.211213e+00 -8.035355e-01
3.439912e-01 -2.939004e-02
1.333312e+00 -1.107595e+00
1.632404e-01 -9.714300e-02
2.739726e-01 -1.859972e-01
2.118456e+00 -3.969615e-01
1.024806e+00 -3.437719e-01
7.185519e-01 1.870930e-01
1.681877e+00 -9.060702e-01
1.034597e+00 6.717717e-02
2.588783e+00 -3.324335e-01
3.033902e+00 -1.832923e+00
1.625022e+00 -7.883224e-01
2.037709e+00 -5.582379e-01
8.097353e-01 1.720078e-01
1.866651e+00 -6.575611e-01
2.530858e+00 -1.886352e-01
8.784408e-02 -2.619493e-01
2.856061e+00 -9.642231e-01
2.370330e+00 -1.236511e+00
2.310751e+00 -3.183186e-01
2.403616e+00 -9.473598e-01
2.211746e+00 -1.151039e+00
1.928690e+00 1.095652e-01
1.190816e+00 -1.608583e-02
2.252159e+00 9.588875e-02
8.302183e-01 4.001692e-01
3.689881e-01 -6.356373e-02
3.102847e-01 1.117058e-01
2.463428e-01 4.315487e-02
6.561770e-01 4.818783e-01
2.911961e+00 -1.303430e+00
-3.513603e-02 -4.878629e-02
1.122471e+00 -9.849342e-02
1.253262e+00 -5.062613e-01
6.728114e-01 2.907517e-01
2.383331e+00 -6.902855e-01
2.377519e-01 -2.515187e-01
1.215890e+00 -1.622515e-01
7.568633e-02 -1.373202e-01
2.198190e+00 -4.700247e-01
1.898314e+00 -4.490304e-01
1.666181e+00 -9.935514e-01
2.316185e+00 -3.216999e-01
