2.311522e+00 -1.087917e+00
1.235956e+00 -4.579875e-01
2.315064e+00 -1.222985e+00
2.380798e-01 -3.243598e-02
2.073896e-01 2.185616e-02
2.656126e+00 -3.253480e-01
1.077271e+00 -6.320625e-02
2.539563e-01 -1.534941e-02
2.274874e+00 -1.208999e+00
6.510932e-01 1.584229e-01
1.070400e+00 5.310347e-02
2.867812e+00 -1.423421e+00
1.549177e+00 -9.044094e-01
1.828771e+00 -1.779366e-01
1.208392e+00 -4.573890e-02
1.825198e+00 -5.061443e-01
1.861897e+00 -1.763132e-01
1.569956e+00 -8.931083e-01
4.253950e-01 5.718824e-03
1.784050e+00 -3.846525e-01
1.561394e+00 -9.093523e-01
3.411220e-01 4.988843e-02
2.541022e+00 -6.043490e-01
1.477170e+00 -8.389850e-01
2.528688e+00 -6.820651e-01
9.088771e-02 -6.051071e-02
1.647210e-01 -6.091221e-02
2.050341e-01 -6.000612e-04
1.947832e+00 -1.885351e-01
4.187819e-02 3.825275e-02
1.052841e+00 6.248733e-02
1.148245e+00 -1.802221e-02
1.234528e+00 -5.481806e-01
2.690052e-01 5.695173e-02
1.898852e+00 -2.480103e-01
1.694694e+00 -7.522372e-01
2.943562e+00 -1.311458e+00
1.678893e+00 -8.880490e-01
1.559984e+00 -8.953884e-01
2.041681e+00 -9.163719e-02
2.842148e+00 -1.319722e+00
1.010955e+00 1.016865e-01
2.378399e+00 -1.238500e+00
8.945897e-01 2.273822e-01
6.817408e-01 2.038008e-01
7.768906e-01 2.247213e-01
6.509142e-01 2.272932e-01
-3.151520e-02 -8.790504e-02
5.231813e-01 8.743619e-02
1.572747e+00 -9.704964e-01
8.603462e-01 3.631592e-01
2.382698e+00 -1.241754e+00
2.425976e+00 -1.047946e+00
2.191799e-01 1.687397e-02
4.361860e-01 9.919769e-02
5.161493e-02 3.634886e-03
1.266334e+00 -1.643949e-01
1.688522e+00 -7.670595e-01
1.537141e+00 -9.888879e-01
1.799361e-01 -3.627973e-02
4.021841e-01 5.848618e-02
3.321926e-01 5.863781e-02
2.773073e+00 -8.708627e-01
2.977893e+00 -1.353526e+00
4.336880e-01 7.558000e-02
1.050600e+00 2.579160e-02
2.465504e+00 -1.275005e+00
2.371752e+00 -1.194655e+00
2.785236e+00 -8.003700e-01
2.567958e+00 -5.350503e-01
9.046388e-01 1.751440e-01
2.814967e+00 -1.129069e+00
7.944673e-01 2.871293e-01
1.147657e+00 -1.221106e-01
2.150235e+00 -6.300734e-01
2.388511e+00 -1.168611e+00
2.163800e-01 -5.900521e-02
2.876153e+00 -1.206533e+00
2.421126e+00 -9.872651e-01
1.589406e+00 -9.283301e-01
1.399463e+00 -5.374157e-01
7.479658e-01 1.489652e-01
2.671952e+00 -3.528541e-01
8.639019e-02 5.862996e-02
1.814643e+00 -3.715865e-01
1.005071e+00 1.448277e-01
1.159207e+00 -3.314477e-01
2.397294e+00 -1.107123e+00
1.059448e+00 1.124757e-02
2.991333e+00 -1.363678e+00
1.381004e+00 -6.155521e-01
1.797550e+00 -3.981668e-01
4.239432e-01 -3.433877e-02
1.989004e-01 -7.227438e-03
1.322662e+00 -5.537892e-01
1.808602e+00 -2.118604e-01
1.307157e+00 -6.582756e-01
2.557648e+00 -6.469686e-01
3.927320e-01 7.575674e-02
1.399823e+00 -5.745190e-01
1.007952e+00 1.588252e-01
2.828661e+00 -8.758867e-01
1.312889e+00 -5.724839e-01
2.688818e+00 -3.903005e-01
3.396300e-01 2.543849e-02
2.794549e+00 -6.862075e-01
9.606383e-01 1.505234e-01
2.115562e+00 -5.345760e-01
1.222219e-01 -9.456351e-02
9.899901e-01 2.793854e-01
2.880396e+00 -1.328294e+00
2.757401e+00 -6.639087e-01
2.081868e+00 -4.635518e-01
1.256830e+00 -2.280015e-01
6.604958e-01 1.617042e-01
1.690136e+00 -6.219050e-01
1.549313e+00 -9.878254e-01
2.741389e+00 -5.118785e-01
2.020522e+00 -7.221591e-02
1.414464e+00 -8.919177e-01
1.925054e+00 -7.515246e-02
6.245668e-01 1.643984e-01
1.755695e+00 -7.486585e-01
1.430926e+00 -6.103815e-01
9.717405e-01 1.226473e-01
1.386636e+00 -8.506400e-01
9.628208e-01 1.375998e-01
1.814958e+00 -2.471281e-01
2.124769e+00 -3.227514e-01
1.499349e+00 -1.018401e+00
1.077910e+00 1.255432e-01
2.503388e+00 -9.195542e-01
4.413433e-01 1.758578e-01
1.250795e+00 -3.225925e-01
2.293528e+00 -1.142116e+00
2.229672e+00 -7.183439e-01
2.040882e+00 -1.057181e-01
7.562448e-01 2.553190e-01
3.319234e-01 -4.952365e-03
2.255882e+00 -1.099558e+00
1.600831e+00 -9.634089e-01
4.993140e-01 1.255730e-01
3.921218e-01 9.843715e-03
1.566922e+00 -9.808572e-01
1.826176e+00 -4.394421e-01
2.399470e+00 -1.183186e+00
8.464674e-01 2.048181e-01
2.960387e+00 -1.324547e+00
2.066287e+00 -2.343434e-01
2.853285e+00 -1.170541e+00
5.482174e-01 2.238499e-01
2.839872e+00 -1.164512e+00
2.986166e+00 -1.332374e+00
8.217179e-01 2.568623e-01
6.891324e-01 1.791903e-01
2.671970e+00 -3.206969e-01
3.319706e-01 9.325480e-02
1.529777e+00 -9.554233e-01
1.956186e+00 -1.117992e-01
4.498540e-01 7.494088e-02
9.051442e-01 2.109723e-01
1.303677e+00 -6.065711e-01
1.487553e+00 -9.140928e-01
1.749220e+00 -6.977754e-01
4.139959e-01 -1.063079e-02
1.614864e+00 -9.843234e-01
1.404771e+00 -9.201464e-01
6.402013e-01 1.699390e-01
1.556017e+00 -9.187983e-01
2.793619e+00 -8.612757e-01
1.868709e+00 -1.611893e-01
8.443230e-01 1.913637e-01
1.389103e+00 -6.504504e-01
2.473858e+00 -1.055178e+00
2.619849e+00 -4.834527e-01
4.975179e-01 1.545731e-01
2.860012e+00 -1.057849e+00
2.285560e+00 -9.316403e-01
1.725793e+00 -4.499665e-01
2.165950e+00 -7.322632e-01
2.692595e+00 -2.952858e-01
5.378874e-01 1.339092e-01
1.117935e+00 -9.973715e-02
8.701894e-01 3.126446e-01
2.697875e+00 -3.238479e-01
2.666802e+00 -2.287668e-01
8.759106e-01 2.534920e-01
1.037350e+00 2.048945e-01
2.179503e+00 -9.343532e-01
1.912829e+00 -1.303229e-01
1.987378e+00 -8.551425e-02
3.865985e-01 5.060846e-02
1.069212e+00 1.462867e-01
2.028575e+00 -1.476963e-01
2.879616e+00 -1.161011e+00
3.992223e-01 6.782692e-02
1.414844e+00 -8.343159e-01
2.944450e+00 -1.358137e+00
2.245378e+00 -9.118583e-01
1.104591e+00 1.620945e-02
1.890354e+00 -9.837956e-02
2.524579e-01 -8.466353e-02
8.956587e-01 2.751026e-01
2.454379e+00 -1.002397e+00
2.869635e+00 -1.343184e+00
1.044067e+00 5.978909e-02
2.165298e+00 -5.400377e-01
7.355368e-01 2.070940e-01
1.392236e+00 -8.715991e-01
2.459672e-01 -2.181008e-02
9.431575e-02 -4.414747e-02
2.115963e+00 -2.952255e-01
1.250372e+00 -2.598610e-01
1.088305e+00 5.500584e-02
1.439804e+00 -8.445280e-01
1.045962e+00 1.386237e-01
2.685900e+00 -4.822595e-01
3.039095e+00 -1.346683e+00
1.813147e+00 -3.971153e-01
1.791827e+00 -5.071661e-01
8.045991e-01 1.474014e-01
1.659595e+00 -7.851368e-01
2.622995e+00 -4.780502e-01
2.255134e-02 -4.645144e-02
2.874412e+00 -1.060899e+00
2.392690e+00 -1.141958e+00
1.894749e+00 -3.670730e-02
2.844204e+00 -1.212922e+00
2.351986e+00 -1.119216e+00
2.042641e+00 -1.764787e-01
9.919380e-01 1.926702e-01
2.040971e+00 -1.053400e-01
8.445849e-01 2.070390e-01
1.788250e-01 -7.911325e-02
3.567429e-01 7.960221e-02
4.502144e-01 7.283616e-02
8.529670e-01 2.468037e-01
3.009277e+00 -1.356502e+00
-1.064435e-02 4.353123e-02
1.113087e+00 4.727512e-02
1.291505e+00 -4.319419e-01
7.185056e-01 1.925642e-01
2.489164e+00 -1.029176e+00
1.345152e-01 -3.479833e-02
1.066011e+00 -8.229070e-02
4.825996e-02 2.834153e-02
2.545121e+00 -4.177947e-01
2.144692e+00 -4.679666e-01
1.612288e+00 -8.928434e-01
2.020583e+00 -1.182014e-01
