2.191878e+00 -1.358007e+00
1.648210e+00 -2.101861e-01
2.098548e+00 -1.352847e+00
3.829444e-02 -1.207059e-01
-3.637352e-02 -1.315412e-01
2.851513e+00 4.520022e-02
8.351193e-01 -2.133703e-01
2.782687e-01 -2.990130e-01
2.342916e+00 -1.049829e+00
7.729635e-01 2.693910e-01
9.818673e-01 8.216479e-03
2.755569e+00 -1.278509e+00
1.745924e+00 -8.009488e-01
1.804368e+00 5.912353e-02
1.534829e+00 2.614796e-02
1.878642e+00 -3.890028e-01
1.592494e+00 -2.813330e-01
1.572834e+00 -6.851870e-01
5.743955e-01 3.770239e-02
1.703983e+00 -7.223883e-01
1.553335e+00 -1.134399e+00
1.391768e-01 1.769184e-01
2.691531e+00 -6.686849e-01
1.135519e+00 -9.592571e-01
2.693720e+00 -6.286316e-01
-2.769686e-02 -3.317428e-03
-2.508249e-01 -4.088484e-01
5.284888e-01 6.916772e-02
1.915386e+00 -2.117871e-01
-2.987691e-01 1.736075e-01
8.404650e-01 2.219849e-01
1.135215e+00 -3.195600e-02
1.067080e+00 -7.443620e-01
3.602452e-01 1.097803e-02
1.854135e+00 -2.496015e-01
1.336786e+00 -6.060551e-01
2.925131e+00 -1.101194e+00
1.299330e+00 -7.426283e-01
1.652312e+00 -1.230358e+00
1.904264e+00 -3.190502e-01
3.095622e+00 -1.326441e+00
1.306193e+00 1.689657e-01
2.517189e+00 -9.681371e-01
9.524688e-01 1.716450e-01
6.086330e-01 1.961710e-01
8.755551e-01 8.156445e-02
8.246896e-01 2.667678e-01
-2.199511e-01 1.069753e-01
4.888868e-01 -2.994736e-02
1.598815e+00 -1.048769e+00
8.490440e-01 2.094401e-01
2.089361e+00 -1.225415e+00
2.352472e+00 -9.507635e-01
4.715193e-01 -8.812632e-02
2.766378e-01 -2.562837e-01
-1.437967e-01 -5.900038e-02
9.646816e-01 -8.505741e-02
1.734593e+00 -8.054620e-01
1.604832e+00 -8.757609e-01
3.274211e-01 1.270864e-01
3.903854e-01 3.437771e-02
3.798756e-01 -1.709504e-02
2.949081e+00 -5.584760e-01
3.034796e+00 -1.516432e+00
5.596822e-01 1.408458e-01
9.150434e-01 8.146599e-02
2.262233e+00 -1.068484e+00
2.482451e+00 -1.127457e+00
2.809504e+00 -1.225174e+00
2.327675e+00 -5.925452e-01
1.176908e+00 3.296706e-01
3.186082e+00 -1.143981e+00
7.820809e-01 4.932435e-01
1.107268e+00 -2.523546e-01
2.228127e+00 -4.506135e-01
2.211427e+00 -1.096787e+00
2.415384e-01 7.027896e-02
2.940181e+00 -1.338711e+00
2.429767e+00 -1.069045e+00
1.592579e+00 -1.111058e+00
1.223610e+00 -6.744049e-01
8.422565e-01 -2.191511e-02
2.679810e+00 -4.833586e-01
2.680186e-02 -1.389165e-01
1.848915e+00 -4.260154e-01
1.124472e+00 2.310047e-01
9.595307e-01 -5.011028e-01
2.235949e+00 -1.065073e+00
9.751225e-01 1.685074e-01
3.117294e+00 -1.667228e+00
1.388674e+00 -5.905354e-01
2.025712e+00 -7.189521e-01
7.103029e-01 -1.393272e-01
2.158058e-01 -1.316453e-01
1.248431e+00 -8.575752e-01
2.079428e+00 -2.989205e-01
1.302150e+00 -1.988413e-01
2.694930e+00 -7.988390e-01
2.797259e-01 7.933922e-02
1.481517e+00 -3.114084e-01
7.396251e-01 2.491245e-01
2.979975e+00 -1.087034e+00
1.252991e+00 -8.516847e-01
2.623209e+00 -3.560951e-01
6.079021e-01 3.095458e-01
2.595308e+00 -4.506343e-01
6.186579e-01 8.013661e-02
2.099629e+00 -5.282559e-01
1.225809e-01 4.549573e-02
9.131877e-01 3.768940e-01
3.033563e+00 -1.393861e+00
2.927970e+00 -3.167226e-01
2.007321e+00 -1.591334e-01
1.112551e+00 -2.357133e-02
5.451675e-01 3.130852e-01
1.786174e+00 -9.129495e-01
1.912883e+00 -1.121097e+00
2.510479e+00 -6.133020e-01
2.469262e+00 -3.459894e-01
1.462806e+00 -1.038772e+00
1.781815e+00 -3.863921e-01
6.541793e-01 1.191354e-01
1.500020e+00 -5.840274e-01
1.525009e+00 -5.698097e-01
1.283401e+00 -1.220085e-02
1.475342e+00 -8.714029e-01
6.705500e-01 2.465914e-01
1.871339e+00 -3.148470e-01
2.169818e+00 -1.010986e-01
1.488829e+00 -1.129156e+00
1.005042e+00 6.370179e-02
2.645034e+00 -9.087176e-01
2.733519e-01 2.233294e-01
1.347727e+00 -2.963586e-01
2.470990e+00 -9.472907e-01
2.118949e+00 -8.879580e-01
2.004403e+00 -1.518389e-02
7.417751e-01 5.175276e-02
3.370730e-01 -3.641971e-01
2.227447e+00 -9.600171e-01
1.760676e+00 -1.617974e+00
4.983449e-01 2.170236e-01
1.584232e-01 -4.270684e-02
1.807508e+00 -1.034796e+00
2.098642e+00 -5.406964e-01
2.563603e+00 -1.160734e+00
7.853771e-01 4.604035e-01
2.746143e+00 -1.512291e+00
2.142947e+00 -1.864429e-01
2.914054e+00 -1.249935e+00
4.189152e-01 5.289896e-02
3.110791e+00 -1.461851e+00
3.266471e+00 -1.300703e+00
6.683161e-01 -1.264325e-01
3.254936e-01 1.217079e-01
2.571215e+00 -2.760023e-01
6.551530e-01 1.114339e-01
1.538941e+00 -7.425640e-01
1.978765e+00 1.885786e-01
3.083025e-01 -1.552503e-01
5.821172e-01 1.879440e-01
1.124737e+00 -8.628976e-01
1.666671e+00 -1.227364e+00
1.741500e+00 -7.017369e-01
3.940186e-01 2.764454e-01
1.409765e+00 -7.129963e-01
1.155781e+00 -7.898716e-01
9.236272e-01 -5.463470e-01
1.540380e+00 -9.837235e-01
2.814220e+00 -5.255306e-01
1.776317e+00 -3.556735e-01
9.340781e-01 4.227454e-01
1.439895e+00 -6.113380e-01
2.407447e+00 -1.367366e+00
2.654460e+00 -4.299957e-01
3.492570e-01 -8.726576e-03
2.657099e+00 -9.323278e-01
2.169227e+00 -9.657038e-01
1.901156e+00 -4.226697e-01
2.286215e+00 -6.848913e-01
2.716160e+00 -2.841622e-01
6.134068e-01 1.987513e-01
9.257616e-01 -2.055240e-01
7.996215e-01 3.230603e-01
2.900354e+00 -4.875471e-01
2.791359e+00 -4.104404e-01
1.149437e+00 5.725259e-01
6.919735e-01 8.823996e-02
1.801945e+00 -1.200947e+00
1.619019e+00 -3.310012e-02
2.021120e+00 3.800800e-02
5.020800e-01 1.212617e-01
1.077304e+00 5.292755e-02
2.205477e+00 -1.301630e-01
2.956164e+00 -1.588401e+00
2.505496e-01 2.448934e-01
1.298556e+00 -1.063725e+00
3.018460e+00 -1.326470e+00
2.153904e+00 -6.343040e-01
1.341021e+00 -3.407270e-02
2.072685e+00 -5.090127e-01
3.577046e-01 -2.179786e-01
6.365775e-01 -9.117471e-02
2.107055e+00 -8.354574e-01
3.078268e+00 -1.504969e+00
1.228417e+00 -5.970266e-02
2.224732e+00 -7.179866e-01
6.920756e-01 4.812356e-02
1.315857e+00 -7.785077e-01
3.398982e-01 -9.313034e-02
-1.600552e-01 4.235805e-01
2.101162e+00 -2.694157e-01
9.688846e-01 -1.318961e-03
1.313487e+00 -2.475723e-01
1.425064e+00 -8.930797e-01
1.459576e+00 3.773235e-01
2.467059e+00 -5.833164e-01
2.818921e+00 -1.270958e+00
2.083904e+00 -4.196507e-01
1.863499e+00 -6.486026e-01
8.580614e-01 1.471228e-01
1.383856e+00 -7.263243e-01
2.565716e+00 -6.781896e-01
3.525094e-01 -1.516897e-01
2.948696e+00 -1.117447e+00
2.670822e+00 -1.209325e+00
1.709377e+00 2.907838e-02
3.150565e+00 -1.299569e+00
2.542373e+00 -1.079016e+00
1.923964e+00 5.150487e-02
8.028835e-01 2.094671e-01
2.067808e+00 -9.184491e-02
6.873548e-01 6.123659e-01
4.206112e-01 1.576233e-01
5.950493e-01 2.389708e-02
4.563597e-01 -9.272444e-02
7.336203e-01 5.734579e-02
2.879051e+00 -1.300648e+00
1.665185e-01 1.589496e-01
8.757356e-01 1.497593e-01
1.492898e+00 -5.170303e-01
9.603530e-01 3.819160e-01
2.231694e+00 -5.696625e-01
2.011438e-03 1.501996e-01
1.288061e+00 -2.653621e-01
8.483531e-02 1.505879e-01
2.349009e+00 -4.483991e-01
2.320846e+00 -3.300787e-01
1.564995e+00 -6.129045e-01
2.240838e+00 -6.759997e-02
