2.319060e+00 -1.127321e+00
1.286658e+00 -4.716466e-01
2.373469e+00 -1.250940e+00
1.479345e-01 4.142554e-04
1.106093e-01 -2.817844e-02
2.666331e+00 -3.211039e-01
1.054577e+00 -4.483887e-02
2.150789e-01 -9.714804e-03
2.303133e+00 -1.135709e+00
6.265664e-01 1.928883e-01
1.031532e+00 -1.374014e-02
2.897817e+00 -1.377069e+00
1.434720e+00 -8.604655e-01
1.910008e+00 -1.117377e-01
1.133412e+00 -3.820857e-02
1.787779e+00 -4.809312e-01
1.844151e+00 -2.065854e-01
1.644869e+00 -8.706977e-01
3.989954e-01 2.371554e-02
1.809082e+00 -4.671263e-01
1.539587e+00 -9.381812e-01
3.467773e-01 -5.725229e-03
2.594276e+00 -5.239469e-01
1.418731e+00 -8.846673e-01
2.541527e+00 -7.816403e-01
1.015124e-01 1.861455e-02
1.758694e-01 -1.394603e-02
1.617644e-01 -3.551003e-02
1.898699e+00 -1.109029e-01
3.972914e-02 -1.564231e-03
1.023440e+00 1.741084e-01
1.138826e+00 -7.051036e-02
1.286018e+00 -4.843797e-01
2.660708e-01 7.265439e-03
1.874169e+00 -4.027418e-01
1.682159e+00 -7.908447e-01
2.976831e+00 -1.302679e+00
1.680554e+00 -8.407915e-01
1.540373e+00 -9.438754e-01
2.020802e+00 -1.352600e-01
2.900876e+00 -1.428921e+00
9.784631e-01 1.407839e-01
2.383013e+00 -1.223508e+00
8.720495e-01 2.820273e-01
6.933312e-01 1.582935e-01
7.108962e-01 2.450968e-01
7.237579e-01 1.810210e-01
5.127916e-02 3.878740e-02
4.413508e-01 4.684830e-02
1.558093e+00 -9.718920e-01
8.329791e-01 2.524329e-01
2.391059e+00 -1.180362e+00
2.483591e+00 -1.096951e+00
3.245718e-01 -6.172064e-02
3.792203e-01 4.389840e-02
1.527620e-02 -3.866472e-03
1.188733e+00 -2.575045e-01
1.728487e+00 -7.953080e-01
1.660310e+00 -9.070285e-01
2.271901e-01 -5.434291e-02
4.740861e-01 4.511288e-02
3.129078e-01 3.118731e-02
2.750426e+00 -8.022612e-01
2.972560e+00 -1.286405e+00
4.475625e-01 5.803350e-02
1.115581e+00 -2.455087e-02
2.373471e+00 -1.166603e+00
2.383189e+00 -1.136810e+00
2.811309e+00 -8.630875e-01
2.540311e+00 -5.803937e-01
9.007899e-01 2.326095e-01
2.877200e+00 -1.143659e+00
7.146826e-01 2.338018e-01
1.090644e+00 -8.306182e-02
2.167397e+00 -6.233815e-01
2.359195e+00 -1.195038e+00
2.821127e-01 2.586857e-02
2.880055e+00 -1.261311e+00
2.449182e+00 -1.021742e+00
1.548131e+00 -1.026918e+00
1.300585e+00 -6.532509e-01
8.094060e-01 2.385335e-01
2.695315e+00 -3.774056e-01
1.017494e-01 -4.552540e-02
1.819113e+00 -3.903630e-01
9.705405e-01 1.322791e-01
1.265065e+00 -3.298888e-01
2.243677e+00 -1.068460e+00
1.101725e+00 -6.822351e-02
2.986599e+00 -1.372005e+00
1.397406e+00 -5.696512e-01
1.808713e+00 -4.636221e-01
3.323730e-01 -1.096742e-02
8.270164e-02 6.726867e-03
1.300796e+00 -5.762920e-01
1.870305e+00 -2.350090e-01
1.328825e+00 -6.151661e-01
2.544616e+00 -6.893398e-01
3.986420e-01 -1.720234e-02
1.305546e+00 -6.086818e-01
9.902762e-01 1.252851e-01
2.815785e+00 -9.558570e-01
1.292984e+00 -5.309448e-01
2.765267e+00 -3.888662e-01
3.306357e-01 -1.446992e-02
2.744699e+00 -7.142412e-01
9.403275e-01 1.322457e-01
2.178058e+00 -5.480130e-01
7.764384e-02 -1.301107e-02
9.761786e-01 2.103188e-01
2.873238e+00 -1.348727e+00
2.816143e+00 -6.816302e-01
2.144682e+00 -4.504451e-01
1.191912e+00 -2.960554e-01
6.536020e-01 1.997722e-01
1.786837e+00 -6.173462e-01
1.581078e+00 -9.243047e-01
2.709395e+00 -4.536006e-01
2.062805e+00 -4.156841e-02
1.437650e+00 -8.295103e-01
1.977932e+00 -7.456192e-02
6.312400e-01 1.716760e-01
1.700484e+00 -7.045441e-01
1.316701e+00 -6.429334e-01
1.119592e+00 1.311361e-02
1.396991e+00 -7.891236e-01
9.536874e-01 1.808762e-01
1.830291e+00 -3.448355e-01
2.131935e+00 -3.629174e-01
1.579390e+00 -9.544330e-01
1.043045e+00 7.882835e-02
2.460662e+00 -9.245924e-01
5.553982e-01 6.818121e-02
1.222413e+00 -3.136692e-01
2.333014e+00 -1.190730e+00
2.200541e+00 -7.504518e-01
2.023139e+00 -1.265868e-01
6.916159e-01 2.407563e-01
3.186263e-01 -1.553941e-02
2.266700e+00 -1.152568e+00
1.620890e+00 -9.147475e-01
5.066385e-01 9.295597e-02
3.682193e-01 9.237096e-02
1.606473e+00 -9.759495e-01
1.819999e+00 -4.485837e-01
2.331365e+00 -1.116509e+00
9.938698e-01 2.280718e-01
2.945806e+00 -1.408043e+00
2.012756e+00 -2.851765e-01
2.885557e+00 -1.186723e+00
6.620825e-01 2.131459e-01
2.876116e+00 -1.216815e+00
2.956537e+00 -1.367941e+00
7.975951e-01 2.287057e-01
6.526468e-01 1.852175e-01
2.683673e+00 -3.179768e-01
3.437111e-01 2.202534e-02
1.596912e+00 -9.687749e-01
1.930112e+00 -1.138998e-01
4.608697e-01 1.123512e-01
9.027643e-01 1.740590e-01
1.341908e+00 -6.347843e-01
1.504103e+00 -9.441200e-01
1.690966e+00 -6.826124e-01
3.696830e-01 5.510863e-02
1.573010e+00 -9.456256e-01
1.469484e+00 -8.363376e-01
6.327476e-01 2.017063e-01
1.508660e+00 -9.949160e-01
2.783067e+00 -7.847313e-01
1.921688e+00 -1.601763e-01
9.310691e-01 2.214234e-01
1.324582e+00 -6.594149e-01
2.491865e+00 -9.998245e-01
2.614217e+00 -5.287474e-01
4.904166e-01 6.186687e-02
2.812920e+00 -1.095122e+00
2.201354e+00 -9.193233e-01
1.836868e+00 -4.893524e-01
2.213159e+00 -7.370389e-01
2.671605e+00 -3.423859e-01
4.678880e-01 1.073840e-01
1.150063e+00 -6.605317e-02
8.600891e-01 2.660016e-01
2.583597e+00 -3.273821e-01
2.680680e+00 -2.966340e-01
9.576018e-01 2.888730e-01
9.985620e-01 1.260718e-01
2.202145e+00 -9.422611e-01
1.896422e+00 -1.092020e-01
1.876342e+00 -1.373396e-01
3.888411e-01 7.634444e-03
1.041351e+00 6.111611e-02
2.014223e+00 -1.542566e-01
2.837296e+00 -1.140921e+00
4.935516e-01 2.703670e-02
1.336086e+00 -7.806598e-01
2.866163e+00 -1.320328e+00
2.180183e+00 -8.670114e-01
1.176593e+00 5.222207e-03
1.939834e+00 -1.157102e-01
1.843540e-01 -5.362397e-03
9.280680e-01 2.113355e-01
2.452518e+00 -1.046190e+00
2.932931e+00 -1.368344e+00
1.046860e+00 8.260581e-02
2.140617e+00 -6.202646e-01
6.955663e-01 2.199109e-01
1.436904e+00 -9.141613e-01
2.275512e-01 -2.565047e-02
1.231215e-01 -3.410929e-02
2.054719e+00 -2.931056e-01
1.218027e+00 -2.370698e-01
1.069359e+00 9.113458e-02
1.429782e+00 -8.696575e-01
1.036965e+00 1.037003e-01
2.753912e+00 -4.573340e-01
2.956139e+00 -1.319601e+00
1.766642e+00 -3.788556e-01
1.820764e+00 -5.136221e-01
7.816959e-01 2.435412e-01
1.664520e+00 -7.949617e-01
2.539795e+00 -4.655794e-01
8.237541e-02 -2.507058e-02
2.821205e+00 -1.088562e+00
2.436717e+00 -1.182029e+00
2.004848e+00 -1.077173e-01
2.881913e+00 -1.200202e+00
2.408794e+00 -1.136474e+00
1.953443e+00 -1.172097e-01
9.183345e-01 1.945095e-01
2.060711e+00 -1.429593e-01
8.155985e-01 2.411450e-01
1.812383e-01 -2.267274e-02
3.532971e-01 3.806253e-02
5.532884e-01 1.650076e-01
8.773188e-01 3.069044e-01
2.950816e+00 -1.287675e+00
-9.417282e-03 -9.054568e-03
1.083011e+00 1.915738e-02
1.289579e+00 -4.886688e-01
7.696569e-01 2.076869e-01
2.478988e+00 -9.183433e-01
1.201149e-01 1.695503e-03
1.139016e+00 2.254661e-02
3.747408e-02 1.083515e-02
2.522459e+00 -4.812058e-01
2.152767e+00 -4.785872e-01
1.599690e+00 -8.673083e-01
2.003947e+00 -1.566668e-01
