1.473288e+00 -1.635496e+00
3.304668e-01 3.269271e-01
1.898374e+00 -7.855515e-01
6.158993e-01 -7.708359e-02
-1.543761e-01 2.133661e-01
2.769732e+00 1.254253e-01
5.733902e-01 4.443479e-01
8.597609e-01 -1.326713e-01
1.860065e+00 -1.369359e+00
3.523861e-01 9.402052e-02
7.386714e-01 2.509106e-01
3.260762e+00 -1.527230e+00
5.582597e-01 -6.803530e-01
1.250910e+00 -5.128229e-03
1.142072e+00 -1.689453e-01
2.075460e+00 -3.437491e-01
2.059630e+00 1.703387e-01
1.475432e+00 -1.031783e+00
9.406117e-01 3.547075e-01
1.591221e+00 -1.340521e+00
1.736448e+00 -7.390594e-01
-2.243933e-01 -3.801372e-01
2.355984e+00 -3.726683e-01
2.560392e+00 -2.964632e-01
1.821051e+00 -9.134789e-01
1.374284e-02 2.172363e-01
-2.510971e-01 2.471301e-01
-6.339429e-02 2.461427e-01
1.949952e+00 8.005643e-01
4.686190e-01 5.992174e-01
5.585814e-01 -1.495320e-01
1.261955e+00 -5.899407e-01
1.782382e+00 -4.523137e-01
7.960243e-01 2.185872e-01
1.866282e+00 -3.575216e-01
1.331727e+00 -1.169828e+00
3.397979e+00 -1.004441e+00
2.228500e+00 -1.096063e+00
2.067979e+00 -1.044079e+00
2.286100e+00 4.657664e-01
3.892922e+00 -8.887275e-01
1.111695e+00 3.904744e-01
2.959928e+00 -8.525444e-01
6.690168e-01 5.236007e-01
1.310961e+00 1.044241e+00
7.607528e-01 -2.942462e-01
-1.113487e-01 5.746873e-01
-6.997347e-01 1.455576e-01
9.590726e-01 -5.915222e-03
8.877440e-01 -1.536245e+00
3.813475e-01 1.826070e-01
2.918655e+00 -1.195161e+00
3.422672e+00 -5.863645e-01
4.490821e-01 -2.942240e-02
1.898021e-01 1.148185e-01
2.522146e-01 1.469459e-01
9.763890e-01 -7.205063e-01
2.544184e+00 -4.920329e-01
1.771364e+00 -6.979107e-01
7.200907e-01 -2.337536e-01
3.863898e-01 -2.862245e-01
3.454339e-01 -2.951317e-01
2.329132e+00 -1.524449e+00
3.735560e+00 -1.506848e+00
6.920774e-01 1.161049e-01
1.322335e+00 -9.090163e-01
2.144039e+00 -6.693920e-01
3.286213e+00 -1.335272e+00
2.687907e+00 -3.506159e-01
2.748980e+00 -5.553677e-01
8.737253e-01 -3.439118e-02
2.581046e+00 -1.098180e+00
9.332975e-01 4.063256e-01
8.206119e-01 5.382048e-01
1.425322e+00 -4.090426e-01
2.111729e+00 -1.601125e+00
1.089003e-01 -7.431046e-01
3.046711e+00 -5.214732e-01
2.152513e+00 7.593377e-02
1.175208e+00 -1.153450e+00
1.958398e+00 -1.150570e+00
6.675050e-01 1.023645e+00
2.156789e+00 -8.422702e-02
3.357256e-01 -9.045448e-01
1.530731e+00 6.977509e-01
1.099328e+00 3.352570e-01
1.345650e+00 6.113855e-01
1.819171e+00 -1.369436e+00
1.081096e+00 1.894296e-01
3.032356e+00 -1.287459e+00
1.072491e+00 -3.030209e-01
9.313667e-01 -6.882493e-01
-3.821456e-02 -4.941656e-01
-6.714359e-01 8.445642e-02
1.513753e+00 -3.525866e-01
2.296987e+00 2.627375e-01
4.003730e-01 -3.248596e-01
2.606177e+00 -5.997092e-01
3.325949e-01 -2.206061e-01
1.585612e+00 -1.077826e+00
1.536397e+00 -1.106637e-01
1.881199e+00 -8.931231e-01
7.762310e-01 -1.109397e+00
3.027917e+00 3.208973e-02
2.708117e-01 -9.198961e-01
3.025035e+00 -8.600411e-01
1.603541e+00 1.090305e+00
1.461990e+00 5.638106e-01
-6.133879e-01 -2.679775e-01
1.418215e+00 -1.277910e-01
2.534900e+00 -2.126706e+00
2.161938e+00 -1.063637e+00
2.484732e+00 3.114229e-01
8.686280e-01 -4.617853e-01
1.862553e-01 -5.277167e-01
1.052098e+00 -1.178336e+00
1.545044e+00 -1.248996e+00
2.565474e+00 -3.156713e-01
1.971081e+00 -6.560254e-01
1.871069e+00 -1.766418e+00
1.597111e+00 6.937031e-01
7.540793e-01 -6.790310e-01
9.753407e-01 -8.975713e-01
1.124995e+00 -3.169362e-01
1.592825e+00 -1.865620e-01
1.368857e+00 -1.284257e+00
8.692666e-01 -2.643882e-01
1.853991e+00 -5.975923e-01
2.390313e+00 1.274864e-01
2.120837e+00 -9.402657e-01
1.328917e+00 -1.414861e-01
2.081201e+00 -1.556944e+00
6.449733e-01 -8.649035e-01
1.633162e+00 -4.806863e-01
2.165673e+00 -8.380630e-01
1.343344e+00 -8.280508e-01
2.732620e+00 -2.423590e-01
1.520996e-01 7.025590e-02
9.098905e-01 -3.501180e-01
1.577490e+00 -1.327995e+00
9.515153e-01 -1.979095e+00
8.796990e-01 5.912563e-01
5.628624e-01 4.352471e-01
1.403192e+00 -3.258399e-01
1.521843e+00 -4.070458e-01
1.921738e+00 -1.811748e+00
6.509829e-01 1.231465e+00
3.668652e+00 -1.012460e+00
1.857628e+00 -4.085635e-01
3.652859e+00 -1.173374e+00
9.985055e-01 -8.440630e-02
2.736354e+00 -8.620860e-01
2.632182e+00 -1.197354e+00
4.535920e-01 4.686208e-01
3.262653e-01 9.919470e-01
2.627532e+00 5.906896e-02
3.362030e-01 -2.159634e-01
1.826285e+00 -4.308473e-01
1.285404e+00 -3.909271e-02
3.795565e-01 1.478467e-01
1.564947e+00 5.824057e-01
1.879031e+00 -5.170857e-01
1.281029e+00 -2.032791e+00
2.373907e+00 -1.836816e+00
1.107717e+00 3.681337e-01
2.463923e+00 -8.400597e-01
1.702756e+00 -9.922249e-01
6.927441e-01 -1.499956e-01
1.492738e+00 -1.352106e+00
2.822550e+00 -8.454089e-01
1.904490e+00 -1.839983e-01
6.355263e-01 4.777609e-01
1.484200e+00 -4.904308e-01
2.015489e+00 -6.963856e-01
2.197660e+00 -7.974293e-01
5.160799e-01 6.039945e-01
2.290181e+00 -1.543373e+00
1.332151e+00 -7.059717e-01
1.632741e+00 -2.862953e-01
2.340415e+00 -3.538670e-01
2.681341e+00 -6.442160e-01
6.386082e-01 2.991758e-01
9.859670e-01 -5.624549e-02
2.175220e-01 -3.436134e-01
1.849015e+00 -2.084303e-01
2.973586e+00 -9.637962e-01
9.768562e-01 4.339981e-01
8.229358e-01 8.836925e-01
1.554705e+00 -1.070454e+00
5.723444e-01 1.355650e-02
1.605777e+00 -1.015043e+00
6.658996e-01 -3.820681e-02
9.159607e-01 5.951077e-01
1.662583e+00 1.638452e-01
3.224710e+00 -1.427701e+00
4.659573e-01 8.406749e-01
9.543700e-01 -5.572928e-01
2.931598e+00 -7.421950e-01
2.211635e+00 -5.904976e-01
3.640444e-01 -9.865783e-01
1.460007e+00 -3.091570e-01
-2.019992e-03 4.800554e-01
7.171883e-01 2.411331e-01
2.506512e+00 -1.320407e+00
2.956241e+00 -8.835799e-01
1.212163e+00 3.202694e-01
2.319756e+00 1.265061e-01
2.295649e-01 1.361883e+00
1.910941e+00 -3.345009e-01
8.156171e-01 4.581301e-01
-4.789084e-01 -5.424271e-01
2.416193e+00 -5.991435e-02
1.603393e+00 -1.986041e-01
4.613140e-01 9.215267e-03
1.784520e+00 -9.770598e-01
1.027468e+00 1.312974e-01
2.488076e+00 -8.266652e-01
3.949513e+00 -6.209040e-01
2.293171e+00 -2.483877e-01
1.311127e+00 -1.208680e-01
1.281858e+00 7.360944e-02
1.188051e+00 -6.074979e-01
3.058730e+00 -7.751122e-01
2.995464e-01 -4.311504e-01
2.316185e+00 -9.579493e-01
2.018360e+00 -9.687195e-01
1.267711e+00 -5.109574e-01
3.346835e+00 -9.040420e-01
2.612933e+00 -1.307236e+00
1.999159e+00 -2.032219e-01
2.020426e+00 3.491783e-01
1.668844e+00 -1.688614e-01
5.388189e-02 -6.341010e-01
8.662554e-01 1.052457e-01
1.293404e-01 -6.797273e-04
4.752749e-01 1.343934e-01
1.388202e+00 4.861711e-01
2.785701e+00 -2.154899e+00
-4.590692e-01 3.482958e-01
1.805172e+00 -3.781393e-01
8.136125e-01 -6.701641e-01
1.565585e+00 2.922149e-01
2.108679e+00 -1.130296e+00
-1.121373e-01 3.017653e-01
2.020843e+00 1.514265e-02
5.557463e-01 -6.322084e-01
3.648102e+00 -1.082306e+00
2.699615e+00 -3.646161e-01
1.057740e+00 -5.070430e-01
1.992467e+00 -5.304136e-01
