1.940702e+00 -1.369352e+00
7.384761e-01 7.993057e-03
2.718961e+00 -1.494775e+00
3.474945e-01 -5.384335e-01
3.751599e-01 -3.407550e-01
3.108963e+00 -1.212979e-01
9.815131e-01 -1.729218e-01
2.918428e-01 -3.471696e-01
2.704785e+00 -1.036894e+00
9.940166e-01 -7.046582e-01
1.084000e+00 1.302203e-01
2.966639e+00 -1.353989e+00
1.341711e+00 -7.149243e-02
2.017041e+00 -7.584850e-02
1.446179e+00 -2.188776e-01
1.315235e+00 -1.844044e-01
1.761233e+00 2.825295e-01
2.132614e+00 -1.671616e+00
4.711292e-01 4.470133e-01
1.175388e+00 -2.870195e-01
1.792952e+00 -9.822930e-01
3.161914e-01 4.415831e-01
2.005555e+00 -2.815384e-01
1.583286e+00 -3.419925e-01
2.173603e+00 -1.812044e-01
-4.426064e-01 -1.328370e-01
-2.961034e-01 2.391505e-01
-1.016899e-01 3.864931e-01
1.307367e+00 -3.006297e-01
6.613095e-01 -2.790272e-01
1.426468e+00 3.459034e-01
6.407710e-01 5.351291e-02
1.851830e+00 -6.599308e-01
4.168027e-02 1.149648e-01
1.768328e+00 -8.396365e-01
1.605550e+00 -9.634930e-01
2.940937e+00 -2.176934e+00
1.791985e+00 -1.433272e+00
1.820398e+00 -5.768949e-01
1.304511e+00 3.378672e-01
2.898170e+00 -9.943350e-01
1.353613e+00 -3.878668e-01
2.078274e+00 -5.979826e-01
4.060660e-01 3.707308e-01
4.391648e-01 -1.149113e-01
7.254455e-01 1.008355e+00
9.838146e-01 -1.706354e-01
7.600600e-02 -6.710491e-01
-3.483570e-01 1.300327e-01
1.833259e+00 -3.947055e-01
9.387137e-01 2.419744e-01
2.242745e+00 -1.010561e+00
1.994418e+00 -1.309349e+00
-1.122828e-01 -1.852107e-01
1.578137e-01 -2.391532e-01
-2.276254e-01 7.507866e-02
1.662588e+00 -1.420454e-01
1.481028e+00 -6.261044e-01
1.647518e+00 -8.699123e-01
2.051326e-01 6.027322e-01
4.815958e-01 -1.421613e-01
6.894831e-02 3.403135e-01
2.364936e+00 -2.908771e-01
2.282863e+00 -9.114961e-01
7.551730e-01 -8.646322e-02
8.235387e-01 4.561716e-01
3.008001e+00 -1.423677e+00
2.601359e+00 -8.149761e-01
3.019623e+00 -8.216143e-01
2.405906e+00 -4.689173e-01
1.525625e-01 7.106961e-01
2.245122e+00 -1.460775e+00
6.661982e-01 -1.228033e-01
7.297574e-01 4.326215e-01
2.817801e+00 -9.520008e-02
2.660884e+00 -3.155760e-01
1.624523e-01 -1.413835e-01
2.887801e+00 -7.496814e-01
2.659850e+00 -3.835738e-01
1.594719e+00 -1.498246e+00
1.090516e+00 -2.309887e-01
5.936866e-01 2.672112e-01
2.787928e+00 2.950651e-01
4.174587e-01 2.259020e-01
1.870763e+00 -6.968718e-01
1.083716e+00 9.419574e-01
1.420963e+00 -5.268137e-01
2.116410e+00 -5.466369e-01
9.403447e-01 -1.384966e-01
2.550543e+00 -1.471234e+00
1.496779e+00 -6.890379e-01
1.810683e+00 -8.514293e-01
1.389919e-01 7.799873e-01
9.944285e-02 1.081522e-01
1.027390e+00 -5.348596e-01
1.766559e+00 1.457189e-01
1.717455e+00 -1.980518e-01
2.551136e+00 5.581149e-02
6.789347e-01 -4.820579e-01
1.898078e+00 -6.289188e-01
1.438930e+00 -2.607499e-01
2.794557e+00 -6.749390e-01
1.405667e+00 -6.120127e-01
1.828362e+00 -6.642178e-01
-3.083224e-02 -6.641009e-01
2.525191e+00 -4.391153e-02
1.386283e+00 -1.152414e-01
1.942159e+00 -7.846362e-01
3.755877e-01 1.254694e-01
6.897573e-01 -1.062399e-02
3.298296e+00 -7.929616e-01
2.453558e+00 -7.311699e-01
2.174737e+00 -5.287376e-01
1.624472e+00 -3.322532e-01
1.330364e+00 6.076179e-01
1.506746e+00 -5.675433e-01
1.216520e+00 -1.100856e+00
3.052454e+00 -4.097360e-01
2.774146e+00 -5.602218e-01
1.418854e+00 -1.018680e+00
1.839320e+00 -8.341026e-02
3.537518e-01 4.930017e-01
2.334174e+00 -1.581986e+00
1.850284e+00 2.629361e-01
1.140979e+00 -1.692040e-01
1.211331e+00 -9.200814e-01
1.096817e+00 5.325498e-02
1.814028e+00 -6.535366e-01
1.938074e+00 -5.036389e-01
1.512777e+00 -1.480752e+00
9.308889e-01 1.112083e-02
2.534508e+00 -4.244425e-01
4.435407e-01 -3.598658e-01
1.279150e+00 -5.708007e-01
2.035823e+00 -1.254631e+00
1.999884e+00 -1.109345e+00
1.831869e+00 5.227752e-02
7.753318e-01 -1.276984e-01
-1.963397e-03 4.620473e-02
1.930467e+00 -1.436073e+00
1.392130e+00 -1.291083e+00
5.692738e-01 -1.609647e-03
8.756451e-01 -3.940117e-01
2.004398e+00 -8.622054e-01
2.347666e+00 8.064641e-02
2.156078e+00 -1.673967e+00
8.903584e-01 -5.055670e-01
3.200785e+00 -1.314452e+00
1.839144e+00 -3.628324e-01
2.496778e+00 -1.195157e+00
2.777039e-01 1.569449e-01
3.000235e+00 -9.871844e-01
3.130836e+00 -1.464914e+00
9.356191e-01 2.825786e-01
7.078717e-01 -1.837589e-01
2.207698e+00 -2.043329e-01
5.207890e-01 -2.089152e-01
1.984830e+00 -1.647683e-01
2.582913e+00 -1.953623e-01
2.733967e-01 3.346112e-01
1.186568e+00 -1.938197e-01
1.259777e+00 -3.999542e-01
1.157835e+00 -1.185460e+00
1.509132e+00 -8.304871e-01
-1.874990e-01 2.767587e-01
1.294100e+00 -8.894313e-01
1.506850e+00 -1.271224e+00
2.205134e-02 2.154696e-01
1.389881e+00 -7.987352e-01
3.093687e+00 -1.567558e+00
1.830588e+00 2.325681e-01
1.437254e+00 -4.392667e-01
1.754050e+00 -9.809379e-01
2.702847e+00 -1.203726e+00
2.817813e+00 -6.871918e-01
-4.397809e-02 -1.343928e-01
3.040246e+00 -1.240656e+00
1.848727e+00 -1.396527e+00
1.496517e+00 -7.760108e-01
2.391538e+00 -8.586704e-01
2.573151e+00 -3.826749e-01
7.263191e-01 3.378605e-01
9.565253e-01 -1.930571e-01
1.067520e+00 -8.764019e-03
2.415735e+00 -1.106229e-01
2.426575e+00 -2.189053e-01
3.340740e-01 4.384554e-01
9.343084e-01 2.934343e-01
2.627969e+00 -1.016909e+00
1.359867e+00 -2.757097e-01
2.379707e+00 -4.507184e-02
9.455347e-03 -3.580078e-02
1.232780e+00 3.131059e-02
1.966987e+00 -3.892976e-01
2.633605e+00 -1.088865e+00
6.393520e-01 6.061455e-03
1.241051e+00 -5.402708e-01
2.750499e+00 -1.222557e+00
2.419040e+00 -1.361017e+00
1.150588e+00 -9.713544e-01
1.905804e+00 1.025739e-01
2.821913e-01 2.656085e-01
1.024127e+00 3.493163e-02
1.888197e+00 -9.891809e-01
3.137032e+00 -1.999833e+00
1.219938e+00 7.898016e-02
2.035189e+00 -4.728566e-01
6.145336e-01 8.939072e-02
9.949596e-01 -7.307441e-01
-2.571505e-01 -2.648638e-01
2.786266e-01 -8.153861e-02
2.709825e+00 -1.121724e-01
1.466405e+00 8.735697e-02
9.803950e-01 -1.315869e-01
1.006509e+00 -1.383892e+00
1.442713e+00 -1.065222e-01
3.050008e+00 -9.821420e-01
2.913906e+00 -8.814869e-01
1.896694e+00 -3.340003e-01
1.562222e+00 -8.539984e-01
7.526293e-01 -1.731742e-01
1.640508e+00 -4.506359e-01
2.111351e+00 -2.495097e-01
4.148675e-01 -1.074122e-01
2.851069e+00 -1.224802e+00
2.281363e+00 -8.720357e-01
2.271809e+00 2.491450e-02
3.092298e+00 -1.150589e+00
1.978501e+00 -7.192749e-01
1.671196e+00 -1.358825e-01
1.254060e+00 -3.008261e-01
2.246317e+00 -5.608022e-01
1.041035e+00 6.745975e-01
-7.210321e-02 -3.329862e-01
3.644442e-01 -3.121225e-01
-2.606112e-01 9.419201e-02
9.808807e-01 1.216217e-01
3.014821e+00 -9.728172e-01
-1.268388e-01 -8.218097e-02
1.079502e+00 -8.731352e-02
1.174067e+00 1.438312e-01
7.900219e-01 1.174205e-01
2.957668e+00 -5.734333e-01
3.555653e-01 -2.416284e-01
2.105891e+00 -6.087157e-01
-5.886121e-01 1.248278e-01
2.442750e+00 -1.358079e+00
2.091482e+00 -4.919863e-01
1.575897e+00 -7.820907e-01
1.836723e+00 -1.609289e-01
