2.501771e+00 -1.252292e+00
9.671879e-01 -4.347827e-01
2.177034e+00 -1.484021e+00
-3.038831e-01 2.391420e-01
3.368267e-01 3.715696e-01
2.671413e+00 -3.249511e-03
8.488840e-01 -5.602425e-01
2.936435e-02 -7.222223e-02
2.400746e+00 -7.884090e-01
7.370285e-01 8.092761e-01
1.111762e+00 6.912293e-02
3.062581e+00 -1.255983e+00
1.559404e+00 -1.229176e+00
2.168082e+00 5.816529e-01
8.617775e-01 -2.916578e-02
1.394456e+00 -3.004510e-01
2.091565e+00 -6.284603e-01
1.297843e+00 -1.418329e+00
8.847953e-01 -1.754056e-01
1.769702e+00 -5.214641e-01
1.832874e+00 -7.777147e-01
5.032169e-01 -2.171857e-01
2.734330e+00 -3.207755e-01
1.600422e+00 -1.171548e+00
2.198606e+00 -2.264263e-01
6.015329e-01 -3.348661e-02
1.026871e-01 2.232215e-02
3.347271e-01 -4.259079e-01
1.979604e+00 -4.289454e-01
1.269339e-02 -2.526435e-01
8.635856e-01 1.460765e-01
9.386100e-01 -3.302569e-01
1.708489e+00 -8.160050e-01
-3.568709e-01 1.559731e-01
1.764535e+00 -3.093035e-01
1.729691e+00 -4.329976e-01
3.511056e+00 -1.240765e+00
1.331624e+00 -8.041832e-01
1.716559e+00 -6.818360e-01
2.057772e+00 -2.852905e-01
2.686343e+00 -1.414676e+00
5.981188e-01 2.428606e-01
2.435034e+00 -1.130842e+00
1.053608e+00 6.470699e-01
6.915653e-01 2.320643e-01
6.286637e-01 3.738861e-01
7.051694e-01 5.321107e-01
3.231771e-01 8.684000e-02
4.410498e-01 -7.362285e-03
1.710381e+00 -8.214245e-01
7.278458e-01 3.204371e-01
2.147965e+00 -1.074309e+00
2.238902e+00 -8.489990e-01
2.244810e-01 4.721704e-01
4.296764e-01 1.127742e-01
-3.888953e-01 3.930201e-01
1.195127e+00 2.412393e-01
1.700912e+00 -8.437425e-01
1.464620e+00 -7.510378e-01
3.592759e-01 -3.920647e-01
2.867397e-01 2.622216e-01
1.682878e-01 -2.129683e-01
2.847012e+00 -7.549934e-01
2.842947e+00 -8.580898e-01
4.264470e-01 -2.824184e-01
6.403157e-01 2.988913e-01
2.052917e+00 -1.194257e+00
2.147688e+00 -1.196186e+00
2.900002e+00 -1.223519e+00
2.418649e+00 -7.576063e-01
6.331155e-01 1.228415e-01
2.684890e+00 -9.144824e-01
5.872164e-01 3.629515e-01
1.252359e+00 -4.951000e-01
2.029515e+00 -6.834834e-01
2.434413e+00 -1.268998e+00
5.500570e-01 1.836487e-02
3.008489e+00 -1.429945e+00
2.577703e+00 -4.632749e-01
1.718648e+00 -6.499167e-01
1.251251e+00 -3.411031e-01
1.054989e+00 3.016066e-01
2.678163e+00 -7.745054e-01
9.178835e-02 1.381766e-01
1.599624e+00 -7.533582e-01
1.024928e+00 2.232795e-01
8.589351e-01 -3.168869e-01
2.348288e+00 -6.873800e-01
9.986176e-01 5.179901e-01
2.976738e+00 -1.707719e+00
1.234045e+00 -8.938890e-01
1.754987e+00 -3.052024e-01
4.146218e-01 -3.040321e-01
-2.035871e-01 9.492793e-02
1.496488e+00 -6.903805e-01
1.153440e+00 -5.747357e-01
1.614612e+00 -8.218765e-01
2.425005e+00 -5.235989e-01
3.038164e-01 4.238534e-01
1.238224e+00 -8.678310e-01
1.360119e+00 1.316467e-01
2.518244e+00 -8.128122e-01
1.235426e+00 -8.790669e-01
2.740002e+00 -4.421390e-01
-1.515163e-01 -2.906107e-01
3.302879e+00 -6.902823e-01
1.346608e+00 2.718931e-01
2.500353e+00 -4.179684e-01
-1.615631e-01 1.495810e-01
6.793424e-01 4.643913e-01
2.969996e+00 -1.336484e+00
2.653550e+00 -4.654769e-01
2.084365e+00 -9.954646e-01
7.375866e-01 -6.328262e-01
8.630065e-01 4.161362e-01
1.844839e+00 -5.035685e-01
1.973002e+00 -8.639185e-01
2.917678e+00 -5.012123e-01
1.884542e+00 -1.987868e-01
2.004937e+00 -1.140884e+00
2.041129e+00 -5.228049e-01
4.265044e-01 3.648263e-01
1.196877e+00 -4.878770e-01
1.922151e+00 -5.408641e-01
1.426016e+00 1.200717e-01
1.616420e+00 -6.822214e-01
7.990544e-01 3.921587e-02
2.173585e+00 -3.212319e-01
2.062824e+00 -4.007374e-01
1.611419e+00 -1.288812e+00
9.986368e-01 1.752896e-01
2.109844e+00 -8.693321e-01
2.286906e-01 1.658295e-01
1.835987e+00 -3.494788e-01
1.998289e+00 -1.081717e+00
2.319667e+00 -9.882674e-01
1.525367e+00 -3.732546e-01
7.472005e-01 1.021812e-01
6.094903e-01 1.466247e-01
2.314406e+00 -1.601816e+00
1.774210e+00 -3.870444e-01
7.744558e-01 -7.500051e-02
3.319393e-01 1.527874e-01
1.978384e+00 -1.145257e+00
1.680542e+00 -4.193696e-01
2.273234e+00 -9.449143e-01
1.016919e+00 -1.851845e-01
2.779409e+00 -1.544855e+00
1.434585e+00 5.930827e-02
2.901820e+00 -1.335028e+00
8.875368e-01 2.546772e-01
2.513005e+00 -1.050508e+00
3.354897e+00 -1.396729e+00
7.569672e-01 2.641098e-01
3.212066e-01 2.253645e-01
2.407464e+00 -2.990242e-01
3.921566e-01 1.632881e-01
1.721021e+00 -1.221350e+00
2.004179e+00 1.683365e-01
1.063306e-01 5.399809e-01
6.698993e-01 6.626020e-01
1.079617e+00 -6.538547e-01
1.426481e+00 -1.300091e+00
1.918353e+00 -4.768854e-01
5.509626e-01 -4.226701e-02
1.361897e+00 -6.545232e-01
1.532382e+00 -1.118765e+00
7.179504e-01 -2.855348e-01
1.576931e+00 -7.790952e-01
2.751053e+00 -6.345571e-01
2.141473e+00 -6.537364e-02
1.414896e+00 5.994766e-01
1.514994e+00 -5.180802e-01
2.376925e+00 -1.187325e+00
2.772301e+00 -6.127199e-01
1.899315e-01 -1.496815e-01
2.658127e+00 -5.975953e-01
2.472475e+00 -9.292318e-01
1.903794e+00 -3.331166e-01
1.941618e+00 -1.043281e+00
2.975111e+00 -6.958594e-01
5.270009e-01 -9.360398e-02
1.208086e+00 -1.688836e-01
9.857411e-01 -4.053929e-01
2.926606e+00 -1.352595e-01
2.916435e+00 -5.704153e-02
9.906075e-01 4.872623e-02
1.129377e+00 2.280503e-01
2.470426e+00 -7.227150e-01
1.938359e+00 -2.415610e-02
2.088547e+00 1.985164e-01
8.787017e-01 2.011330e-01
1.204554e+00 1.404702e-02
1.925820e+00 -3.356033e-01
1.965699e+00 -1.403930e+00
4.136978e-01 -1.729996e-02
1.546723e+00 -1.037687e+00
2.690226e+00 -1.918547e+00
2.359153e+00 -1.154538e+00
8.998011e-01 1.578673e-01
1.695493e+00 4.485256e-04
-1.769550e-01 -2.830779e-02
7.272605e-01 1.556105e-01
2.865584e+00 -1.488917e+00
3.362937e+00 -1.624371e+00
1.317878e+00 3.462427e-01
2.287004e+00 -9.723352e-01
7.899493e-01 9.282764e-01
1.455770e+00 -9.046737e-01
1.578622e-01 1.257697e-01
9.013137e-02 5.844134e-02
2.012706e+00 -6.157496e-01
1.846103e+00 -2.471234e-01
1.962817e+00 1.788503e-01
1.611488e+00 -9.472007e-01
8.636280e-01 3.720537e-02
2.495151e+00 -7.111776e-01
3.479348e+00 -1.113929e+00
2.220398e+00 -1.243301e-01
1.604905e+00 -9.601390e-01
6.399759e-01 2.577809e-01
1.999609e+00 -8.191703e-01
3.398071e+00 -6.018489e-01
2.218361e-01 -1.813334e-01
2.952817e+00 -1.087349e+00
2.323353e+00 -1.339821e+00
2.052122e+00 1.174064e-01
2.600428e+00 -1.236199e+00
2.558252e+00 -9.111045e-01
2.514501e+00 6.219796e-02
8.348838e-01 4.457756e-02
1.859012e+00 -3.097145e-01
8.873341e-01 3.593911e-01
4.242795e-01 1.655475e-01
6.859810e-01 -1.757778e-01
9.814076e-01 -7.300165e-02
9.576591e-01 1.853376e-01
2.967419e+00 -1.162173e+00
-4.007636e-01 -2.331968e-01
1.296390e+00 2.511327e-02
1.215151e+00 -7.851314e-01
6.748670e-01 4.149371e-01
2.301548e+00 -5.822373e-01
4.323558e-01 -1.201508e-01
9.558234e-01 -8.190939e-01
-2.489021e-01 -3.317512e-01
2.170568e+00 -4.764034e-01
2.229548e+00 -1.227850e-02
1.655085e+00 -1.460286e+00
1.796476e+00 5.993700e-02
