2.638730e+00 -9.874263e-01
1.317830e+00 -5.678515e-01
2.704062e+00 -1.207707e+00
2.500015e-01 5.126071e-01
7.126991e-01 1.064800e-01
2.720849e+00 9.549329e-03
9.923161e-01 -1.455066e-01
2.097391e-01 -5.034196e-01
3.433762e+00 -1.338904e+00
8.713090e-01 1.690782e-01
1.408429e+00 -1.434322e-01
3.071953e+00 -1.770195e+00
2.040135e+00 -5.665963e-01
1.249613e+00 -1.131529e-01
4.415835e-01 -4.013771e-01
2.220910e+00 -1.704291e+00
2.383020e+00 -2.550881e-02
1.626873e+00 -4.140746e-01
1.742434e+00 -5.785949e-01
2.620167e+00 4.507449e-02
1.217811e+00 -7.106786e-01
-2.005130e-01 -2.262634e-01
1.533167e+00 -1.228055e+00
1.601162e+00 -5.849042e-01
2.735327e+00 -4.074547e-01
1.140852e-01 3.117175e-01
6.377296e-01 9.652023e-02
-3.589437e-02 -9.179069e-02
1.513688e+00 2.683341e-01
-7.522557e-01 -8.166314e-02
1.318290e+00 -3.944058e-01
4.404150e-01 -1.116805e+00
1.165029e+00 -1.061218e+00
7.108971e-01 -7.480309e-01
2.099409e+00 -9.260679e-01
9.591103e-01 -1.366460e+00
3.505353e+00 -1.889087e+00
2.208951e+00 -7.477802e-01
1.302768e+00 -1.467943e+00
2.933457e+00 -4.107476e-01
2.659836e+00 -6.854812e-01
1.800034e+00 6.525952e-02
2.953818e+00 -1.473115e+00
1.931219e+00 -3.886103e-01
2.725318e-01 8.406375e-01
5.933211e-01 8.781015e-01
4.835295e-01 5.251405e-01
-3.269921e-01 -3.801779e-02
-1.512992e-01 4.617400e-02
1.154527e+00 3.815237e-02
6.505316e-01 -3.352035e-01
2.696831e+00 -1.780353e+00
2.853105e+00 -1.332964e+00
2.950557e-01 -8.758135e-02
2.969249e-01 7.601648e-02
-3.156160e-01 -5.249780e-01
1.224392e+00 -4.367394e-01
1.073503e+00 -4.889362e-01
1.599988e+00 -1.452456e+00
9.935892e-02 -8.791856e-02
-4.874690e-02 1.577886e+00
3.450025e-01 -8.975931e-02
3.961767e+00 -5.602329e-01
3.553060e+00 -1.307695e+00
4.990025e-01 -3.387650e-01
1.414676e+00 8.999710e-01
3.117197e+00 -1.783863e+00
3.284991e+00 -1.564736e+00
2.351067e+00 -1.266381e+00
2.358552e+00 -1.496685e+00
9.287362e-01 1.034397e-01
2.879483e+00 -1.396999e+00
2.347641e-02 1.117173e-01
1.721721e+00 -5.596726e-01
1.750011e+00 -4.343241e-01
1.765847e+00 -1.094425e+00
4.714609e-01 -2.812152e-01
2.523866e+00 -1.940479e+00
2.069171e+00 -7.329354e-01
1.973567e+00 -9.281981e-01
1.037948e+00 -5.647033e-01
3.789547e-01 3.188465e-01
3.057587e+00 -5.792512e-01
-2.846300e-01 -2.541905e-01
2.335897e+00 9.421034e-01
1.307702e+00 1.235776e-01
7.689142e-01 -8.253756e-01
2.472382e+00 -1.431650e+00
1.622835e+00 -3.557978e-01
3.644721e+00 -1.567652e+00
1.870549e+00 -2.592434e-01
2.208342e+00 -4.692691e-01
2.070202e-02 4.969654e-01
1.008379e+00 -5.036397e-01
1.544404e+00 -3.270381e-01
1.943573e+00 4.365574e-01
9.661834e-01 -8.787266e-02
2.389099e+00 -1.800036e+00
-3.100049e-01 4.970618e-02
1.928425e+00 -1.078146e-01
1.079661e+00 -4.314811e-01
2.240548e+00 -7.430674e-01
1.297547e+00 -9.216372e-02
2.553975e+00 -7.684106e-01
1.874233e-01 -2.807210e-04
1.804868e+00 -4.860422e-01
1.038036e+00 6.399992e-01
2.528357e+00 -5.359729e-02
9.101442e-01 4.665846e-02
-1.130715e-01 6.175639e-01
3.484620e+00 -1.450897e+00
1.808396e+00 -1.899109e-01
2.119222e+00 -1.101300e+00
1.089195e+00 -2.797877e-01
5.148943e-01 -6.737743e-02
2.210773e+00 5.694684e-02
2.495411e+00 -1.441704e+00
3.363382e+00 -4.065720e-01
2.194016e+00 4.625952e-01
1.406772e+00 -9.242136e-01
1.620227e+00 -6.584778e-01
2.938869e-01 2.302830e-01
1.679526e+00 -9.239005e-01
1.180955e+00 -1.384640e-01
1.156984e+00 -4.262019e-01
1.445107e+00 -5.135498e-01
1.400963e+00 4.779140e-01
2.250073e+00 -6.650342e-02
1.139217e+00 -4.321766e-01
1.482301e+00 2.202841e-02
1.414138e+00 -5.132164e-02
2.097090e+00 -1.093057e+00
9.199700e-02 1.124672e+00
1.224275e+00 8.028145e-02
2.547667e+00 -8.325795e-01
1.764178e+00 -8.403768e-02
1.964147e+00 6.084186e-01
9.650599e-01 1.071579e+00
5.959445e-01 -8.726045e-02
2.960550e+00 -1.046838e+00
1.855977e+00 -8.983729e-01
2.733606e-01 3.263110e-02
7.117103e-01 4.908847e-01
6.206939e-01 -7.938960e-01
1.773494e+00 -1.064953e+00
2.721430e+00 -2.995867e-01
1.654679e+00 -9.139533e-01
3.119082e+00 -1.680855e+00
1.839612e+00 -3.220365e-01
1.797873e+00 -2.171582e+00
6.756998e-01 2.892021e-01
2.779340e+00 -1.820581e+00
2.776517e+00 -6.637467e-01
6.016150e-01 -7.405128e-03
1.255914e+00 8.220887e-02
2.983691e+00 -7.598752e-02
-8.257177e-02 -4.608715e-01
9.151083e-01 -1.446248e+00
2.348603e+00 -4.938328e-01
3.630815e-01 -8.384286e-02
1.124383e+00 -4.481529e-01
1.874037e+00 5.126349e-02
1.468420e+00 -1.992404e+00
1.310494e+00 -5.350699e-01
5.560653e-01 -9.642626e-02
2.086685e+00 -1.238882e+00
1.944989e+00 -9.065229e-01
3.861592e-01 5.345354e-01
1.525673e+00 -5.367242e-01
4.196345e+00 -1.281926e+00
2.336551e+00 1.637547e-01
1.773905e+00 6.591599e-01
2.094351e+00 -1.089730e+00
1.836430e+00 -1.457618e+00
2.473719e+00 1.066498e-01
1.244635e+00 -1.001922e-01
2.791911e+00 -1.651131e+00
2.270012e+00 -1.033970e+00
1.694130e+00 8.522393e-02
2.379132e+00 -1.343928e+00
1.456582e+00 -5.298989e-02
6.434210e-01 2.897523e-01
1.257811e+00 -6.474173e-01
7.451345e-01 9.502261e-02
2.573811e+00 8.044559e-02
2.356052e+00 -8.629088e-01
1.545919e+00 -1.222216e-01
1.559784e+00 1.179682e+00
2.948396e+00 -5.778198e-01
1.816846e+00 2.928469e-01
1.931466e+00 5.731884e-01
6.991523e-01 2.155457e-01
1.080814e+00 -1.607109e-01
2.020865e+00 8.182602e-03
2.738298e+00 -1.025903e+00
9.351532e-01 2.016869e-01
1.162357e+00 -2.135272e+00
3.485632e+00 -1.379787e+00
2.323375e+00 -6.443475e-01
1.362002e+00 3.634733e-01
2.426896e+00 2.566133e-01
-1.335276e+00 1.662373e-01
1.020361e+00 1.088285e-01
2.672489e+00 -1.020195e+00
2.692042e+00 -7.734751e-01
1.241473e+00 1.301912e-01
1.166375e+00 3.905725e-01
-1.812070e-01 4.632169e-01
1.794851e+00 -8.712431e-02
-2.485611e-01 -4.067985e-01
4.987228e-01 2.912019e-01
2.911421e+00 1.963564e-01
1.033490e+00 -2.733676e-01
1.318316e+00 -6.737848e-01
1.712815e+00 -5.565560e-01
6.408293e-01 1.524024e-02
1.776831e+00 -6.399151e-03
3.180279e+00 -1.965020e+00
1.292078e+00 -6.479084e-01
2.180949e+00 -2.868498e-01
3.741449e-01 -5.270370e-02
1.704439e+00 -1.188201e+00
2.317675e+00 -1.485969e-01
-5.325345e-01 -8.206422e-02
2.735011e+00 -1.072759e+00
2.519799e+00 -8.715562e-01
2.387235e+00 -2.818148e-01
2.800760e+00 -1.054140e+00
2.506642e+00 -8.283749e-01
2.208705e+00 -4.952909e-01
1.846624e+00 2.053828e-01
2.357342e+00 1.614410e-01
9.574522e-01 3.675585e-01
6.385268e-01 -1.206306e-01
7.093603e-01 2.526834e-01
1.087571e+00 -1.349719e-01
9.007059e-01 -1.706500e-01
3.506801e+00 -1.705258e+00
1.613779e-01 -2.183657e-01
1.634376e+00 -2.378927e-03
1.599551e+00 -9.915107e-01
4.417801e-01 5.156519e-01
3.078977e+00 -7.116602e-01
1.274661e+00 3.577744e-01
1.129931e+00 -1.991191e-01
9.248118e-01 3.745579e-01
2.323834e+00 -7.825958e-01
1.823570e+00 -2.749812e-01
9.077566e-01 -1.136143e+00
2.148657e+00 -9.776723e-02
