2.307791e+00 -1.295269e+00
1.224301e+00 -3.296281e-01
2.230904e+00 -1.229236e+00
2.159032e-01 -1.323008e-01
2.828991e-01 6.077010e-02
2.911782e+00 -2.114687e-01
9.978042e-01 3.767329e-02
3.583906e-01 1.101795e-01
2.206597e+00 -1.254609e+00
5.100895e-01 3.697728e-01
1.152957e+00 -5.762923e-02
2.983147e+00 -1.376932e+00
1.340609e+00 -8.798029e-01
1.952351e+00 1.118114e-01
1.030330e+00 -2.227469e-01
1.652963e+00 -6.181067e-01
1.830065e+00 -3.329114e-01
1.763985e+00 -9.693869e-01
4.474912e-01 2.994581e-01
1.873709e+00 -3.647102e-01
1.778987e+00 -8.130991e-01
4.011219e-01 -2.709722e-02
2.540862e+00 -5.892945e-01
1.369776e+00 -7.851666e-01
2.557024e+00 -8.621764e-01
2.530731e-01 3.528270e-02
9.110904e-02 4.787117e-03
2.842503e-01 -1.980094e-01
1.902480e+00 -2.826377e-01
3.372015e-01 1.141133e-02
9.037755e-01 5.271680e-01
1.047133e+00 -4.766859e-02
1.285090e+00 -6.140874e-01
3.197392e-01 -2.685698e-01
1.975953e+00 -4.364256e-01
1.635561e+00 -6.985986e-01
2.964658e+00 -1.331356e+00
1.539379e+00 -5.935752e-01
1.615366e+00 -1.092788e+00
2.040712e+00 -2.667552e-01
3.146934e+00 -1.358084e+00
9.013344e-01 2.161449e-01
2.352016e+00 -1.333686e+00
8.983976e-01 2.831390e-01
8.478140e-01 2.182634e-01
7.450172e-01 2.386790e-01
8.987360e-01 1.714852e-01
6.197860e-02 7.234845e-02
5.053142e-01 2.739845e-02
1.590350e+00 -9.679109e-01
1.039568e+00 1.847413e-01
2.255238e+00 -1.201313e+00
2.422951e+00 -1.041548e+00
2.582674e-01 1.673882e-02
4.342818e-01 1.548628e-01
1.389077e-02 1.148500e-02
1.267711e+00 -1.417034e-01
1.569363e+00 -9.340655e-01
1.811291e+00 -8.463599e-01
1.871376e-01 -1.617077e-02
3.989216e-01 8.527969e-02
2.321205e-01 1.166220e-01
2.813118e+00 -7.539987e-01
2.865590e+00 -1.290046e+00
3.636534e-01 -1.127810e-02
1.104126e+00 3.134778e-01
2.380763e+00 -1.511037e+00
2.315302e+00 -1.085548e+00
2.667151e+00 -7.414347e-01
2.565303e+00 -4.500417e-01
8.363565e-01 1.516139e-01
2.927352e+00 -1.159822e+00
7.794713e-01 4.249974e-01
1.208424e+00 -3.135808e-01
2.266999e+00 -5.687897e-01
2.502287e+00 -1.315579e+00
2.972977e-01 2.431603e-03
2.768829e+00 -1.150524e+00
2.419895e+00 -8.671361e-01
1.482061e+00 -1.134031e+00
1.303777e+00 -5.720624e-01
7.076465e-01 -1.348538e-01
2.745131e+00 -3.104033e-01
1.833161e-01 -6.574509e-02
1.761686e+00 -2.248964e-01
8.073334e-01 1.290389e-01
1.253275e+00 -2.555804e-01
2.287480e+00 -1.167984e+00
1.272157e+00 -6.597911e-02
2.761490e+00 -1.346074e+00
1.383530e+00 -3.470027e-01
1.850864e+00 -6.142161e-01
1.659008e-01 1.634481e-01
5.133464e-02 -2.084507e-01
1.436201e+00 -6.105683e-01
1.977630e+00 -3.601503e-01
1.515305e+00 -5.104404e-01
2.435508e+00 -8.777809e-01
6.661917e-01 7.350076e-03
1.251258e+00 -4.604910e-01
1.142574e+00 2.601966e-01
2.808374e+00 -7.191964e-01
1.160564e+00 -6.244709e-01
2.760155e+00 -2.576986e-01
4.003001e-01 -3.943888e-03
2.723564e+00 -5.722277e-01
1.061268e+00 8.048114e-02
2.045443e+00 -6.390366e-01
2.255758e-02 1.032509e-01
9.984079e-01 2.711025e-01
2.932033e+00 -1.313088e+00
2.586521e+00 -5.937390e-01
2.060890e+00 -4.646726e-01
1.160796e+00 -2.599254e-01
7.122073e-01 5.420340e-02
1.784170e+00 -6.454833e-01
1.726659e+00 -1.093671e+00
2.618705e+00 -5.413514e-01
1.902560e+00 -1.472467e-01
1.367376e+00 -8.259935e-01
2.074091e+00 -8.994245e-02
6.169315e-01 2.127629e-02
1.687579e+00 -7.918145e-01
1.430636e+00 -7.348570e-01
9.694013e-01 8.871250e-02
1.654927e+00 -8.303898e-01
9.620550e-01 3.208896e-01
1.903965e+00 -2.474345e-01
2.091097e+00 -3.643292e-01
1.435007e+00 -8.985012e-01
1.105264e+00 1.743927e-01
2.409415e+00 -8.283009e-01
6.160262e-01 -6.732797e-02
1.195979e+00 -1.746342e-01
2.222359e+00 -1.084648e+00
2.187917e+00 -6.862235e-01
2.011228e+00 -2.223348e-02
6.381569e-01 1.200702e-01
4.835336e-01 2.538766e-01
2.285200e+00 -9.073951e-01
1.505084e+00 -1.005004e+00
7.079085e-01 2.056468e-01
5.628893e-01 8.047169e-02
1.468613e+00 -9.208177e-01
1.955126e+00 -4.232112e-01
2.275453e+00 -1.108713e+00
8.763352e-01 2.414851e-01
2.970928e+00 -1.427866e+00
2.172450e+00 -1.234714e-01
2.822301e+00 -1.185433e+00
6.022529e-01 9.366728e-02
2.669327e+00 -1.279253e+00
2.895584e+00 -1.343771e+00
8.286249e-01 1.376748e-01
7.070367e-01 7.101751e-02
2.642048e+00 -3.694873e-01
4.352478e-01 2.867977e-02
1.548885e+00 -1.036626e+00
1.912186e+00 1.201183e-01
3.691479e-01 1.088808e-01
9.286594e-01 2.610170e-01
1.447409e+00 -6.805904e-01
1.565667e+00 -5.865893e-01
1.790964e+00 -4.931252e-01
4.351605e-01 -8.452839e-02
1.591472e+00 -1.001933e+00
1.401105e+00 -9.157152e-01
6.393100e-01 5.619101e-02
1.871766e+00 -8.657675e-01
2.830614e+00 -8.228254e-01
2.058053e+00 1.066064e-01
1.002046e+00 2.349121e-01
1.516058e+00 -6.004329e-01
2.500947e+00 -8.859977e-01
2.502628e+00 -8.060571e-01
4.216674e-01 1.676831e-01
2.930086e+00 -9.274696e-01
2.187463e+00 -7.491180e-01
1.810096e+00 -4.089954e-01
2.293258e+00 -8.821619e-01
2.560091e+00 -4.425079e-01
6.605481e-01 7.182521e-02
1.389519e+00 -9.762388e-02
6.596611e-01 1.610429e-01
2.626903e+00 -2.793442e-01
2.515021e+00 -2.398123e-01
1.003009e+00 1.513903e-01
1.242915e+00 8.306092e-02
2.105004e+00 -1.080284e+00
2.058451e+00 -1.426861e-01
1.884949e+00 -2.831126e-01
3.459449e-01 3.197234e-01
7.998315e-01 6.869919e-04
2.237083e+00 1.750377e-02
2.793157e+00 -1.144519e+00
5.176145e-01 8.451363e-02
1.633008e+00 -7.717905e-01
3.039289e+00 -1.304918e+00
1.983266e+00 -1.049034e+00
9.820977e-01 -3.017630e-02
2.192067e+00 -6.255662e-02
1.482054e-01 1.262340e-01
7.237370e-01 1.714096e-01
2.365835e+00 -9.821510e-01
3.072162e+00 -1.310536e+00
1.133013e+00 4.060906e-03
2.204966e+00 -7.319515e-01
7.945657e-01 1.515266e-01
1.318043e+00 -8.719067e-01
-1.653594e-02 1.583364e-01
2.101939e-01 1.919238e-02
1.899715e+00 -4.096238e-01
1.200791e+00 -2.516336e-01
8.646382e-01 -9.809748e-02
1.409522e+00 -1.014596e+00
1.194222e+00 1.768176e-01
2.631783e+00 -3.119684e-01
3.095785e+00 -1.303185e+00
1.796156e+00 -4.751189e-01
1.708496e+00 -6.894420e-01
9.522155e-01 1.696064e-01
1.682577e+00 -9.131107e-01
2.536355e+00 -1.386007e-01
-3.077975e-02 1.601035e-01
2.835721e+00 -9.705954e-01
2.542328e+00 -1.133887e+00
1.968605e+00 -1.390529e-01
2.855156e+00 -9.988745e-01
2.242079e+00 -1.314801e+00
1.788367e+00 -2.071038e-01
1.030900e+00 2.949883e-01
1.948584e+00 -1.350600e-01
6.929722e-01 1.188107e-01
2.629910e-01 1.050711e-01
2.798527e-01 2.077218e-01
6.390646e-01 2.943091e-01
8.241254e-01 4.223523e-01
3.235655e+00 -1.399916e+00
-1.650628e-02 -1.143202e-01
9.493012e-01 -1.101902e-01
1.189628e+00 -4.382994e-01
6.524541e-01 2.535715e-01
2.491101e+00 -1.020590e+00
1.233115e-01 -8.548549e-02
1.084952e+00 -1.421036e-01
6.271156e-02 -8.508250e-02
2.431311e+00 -3.951185e-01
2.217440e+00 -3.869782e-01
1.513540e+00 -9.486023e-01
2.033503e+00 -1.712658e-01
