2.260679e+00 -1.073202e+00
1.231850e+00 -5.221786e-01
2.327056e+00 -1.243003e+00
2.179298e-01 -7.579115e-02
1.589880e-01 1.210398e-01
2.681629e+00 -1.687372e-01
1.221296e+00 2.731262e-02
2.079542e-01 7.908772e-02
2.277320e+00 -1.147229e+00
6.765639e-01 1.767219e-01
1.013388e+00 -9.652190e-02
3.054206e+00 -1.310759e+00
1.302464e+00 -9.513559e-01
1.945584e+00 -8.010749e-02
9.723522e-01 -2.565048e-02
1.827406e+00 -5.426251e-01
1.904321e+00 -2.512107e-01
1.747158e+00 -9.073987e-01
3.423020e-01 6.203842e-02
1.678264e+00 -6.082610e-01
1.653645e+00 -1.051157e+00
2.132784e-01 -6.286829e-02
2.466486e+00 -5.935280e-01
1.319533e+00 -7.657742e-01
2.573095e+00 -8.275702e-01
1.599304e-03 -6.096815e-02
1.077923e-01 7.568752e-02
2.752342e-01 2.028911e-01
1.710843e+00 -2.235216e-01
1.816218e-01 -1.672340e-01
1.206319e+00 1.084936e-01
1.128027e+00 -1.377608e-01
1.260901e+00 -3.550691e-01
2.857655e-01 -4.328591e-02
1.882160e+00 -3.183886e-01
1.716464e+00 -8.652577e-01
2.982249e+00 -1.369427e+00
1.498471e+00 -8.016768e-01
1.440548e+00 -9.776807e-01
2.102676e+00 -2.631422e-01
2.994666e+00 -1.409024e+00
9.314129e-01 3.144971e-01
2.385335e+00 -1.230227e+00
7.824528e-01 3.201026e-01
6.562009e-01 2.786096e-01
7.319468e-01 3.199199e-01
6.134734e-01 1.274183e-01
-1.964648e-02 -1.948698e-02
4.314309e-01 3.059766e-01
1.761570e+00 -9.297570e-01
8.419905e-01 2.183941e-01
2.270263e+00 -1.216956e+00
2.501556e+00 -9.476626e-01
4.027748e-01 -1.323857e-01
3.926985e-01 -8.605408e-02
1.079259e-01 -3.792660e-02
1.201509e+00 -2.026175e-01
1.936357e+00 -7.596423e-01
1.586389e+00 -1.042543e+00
3.447416e-01 -3.488228e-02
5.951718e-01 1.594312e-01
3.070750e-01 -1.095029e-01
2.816595e+00 -8.347353e-01
2.976404e+00 -1.258544e+00
3.193476e-01 9.559525e-02
1.161975e+00 8.532795e-02
2.237468e+00 -1.165041e+00
2.500720e+00 -1.136704e+00
2.792154e+00 -7.386018e-01
2.483756e+00 -7.066860e-01
8.853652e-01 2.761821e-01
2.953058e+00 -1.111174e+00
8.628579e-01 3.307990e-01
1.105383e+00 -8.810454e-02
2.286956e+00 -7.615801e-01
2.398720e+00 -1.267319e+00
3.573445e-01 -1.257819e-02
2.884428e+00 -1.108537e+00
2.352037e+00 -9.860402e-01
1.554993e+00 -9.108440e-01
1.506525e+00 -6.543637e-01
6.639842e-01 1.600415e-01
2.678139e+00 -3.501002e-01
1.111636e-01 1.421535e-01
1.960128e+00 -2.804698e-01
1.222681e+00 2.328619e-01
1.335951e+00 -2.558737e-01
2.324789e+00 -1.021849e+00
1.096326e+00 -1.784180e-01
2.949891e+00 -1.320255e+00
1.333001e+00 -6.781722e-01
1.786885e+00 -4.559933e-01
3.339171e-01 5.658538e-02
2.112342e-01 -6.750563e-02
1.404441e+00 -4.516326e-01
1.892815e+00 -1.905565e-01
1.427029e+00 -7.138760e-01
2.617156e+00 -7.496395e-01
3.272289e-01 5.024103e-02
1.149822e+00 -6.110422e-01
1.117443e+00 -2.987215e-02
2.918206e+00 -1.007814e+00
1.336456e+00 -6.080467e-01
2.764933e+00 -3.056267e-01
3.791919e-01 5.641697e-03
2.737755e+00 -7.192862e-01
1.028577e+00 2.475480e-01
2.203529e+00 -6.890100e-01
1.013370e-01 -7.733861e-02
1.005964e+00 1.353205e-01
2.949718e+00 -1.367137e+00
2.607220e+00 -6.052547e-01
2.126232e+00 -3.458560e-01
1.067699e+00 -3.036669e-01
6.239596e-01 1.995846e-01
1.634573e+00 -5.426396e-01
1.740134e+00 -9.172076e-01
2.747366e+00 -6.221742e-01
1.943955e+00 -1.253470e-01
1.383042e+00 -7.442399e-01
2.001155e+00 1.438181e-01
5.091717e-01 1.511353e-01
1.579152e+00 -9.412237e-01
1.413884e+00 -5.984136e-01
9.957669e-01 5.899367e-02
1.360681e+00 -8.537547e-01
9.130444e-01 1.264361e-01
1.778279e+00 -3.713712e-01
2.140579e+00 -6.049208e-01
1.505138e+00 -1.054757e+00
9.549973e-01 4.102420e-02
2.466697e+00 -9.472141e-01
3.842606e-01 1.432997e-01
1.150370e+00 -3.817606e-01
2.325910e+00 -1.119267e+00
2.131835e+00 -9.901836e-01
1.926847e+00 -9.720406e-02
8.227137e-01 2.225323e-01
2.646833e-01 2.082220e-01
2.252326e+00 -1.058126e+00
1.477542e+00 -1.039329e+00
5.912693e-01 2.031645e-01
3.350435e-01 -1.421322e-01
1.575039e+00 -9.306005e-01
1.819780e+00 -4.579881e-01
2.296065e+00 -1.234255e+00
8.434106e-01 2.740352e-01
2.972110e+00 -1.382578e+00
2.009119e+00 -2.172056e-01
2.879169e+00 -1.028057e+00
6.937143e-01 1.103372e-01
2.814100e+00 -1.294245e+00
2.952420e+00 -1.430679e+00
8.184751e-01 -3.979463e-03
7.103821e-01 2.105510e-01
2.770730e+00 -2.182859e-01
2.841742e-01 8.345383e-02
1.546979e+00 -1.135684e+00
1.965942e+00 -1.555518e-01
4.292979e-01 1.999825e-01
9.624078e-01 1.153579e-01
1.433769e+00 -6.054842e-01
1.378329e+00 -1.061947e+00
1.634899e+00 -6.114878e-01
3.502908e-01 3.460983e-02
1.437921e+00 -8.845973e-01
1.291251e+00 -9.659890e-01
6.955417e-01 8.234517e-02
1.602023e+00 -1.040939e+00
2.690941e+00 -7.178276e-01
1.927625e+00 -9.574875e-02
1.011475e+00 -1.536791e-02
1.396471e+00 -6.860083e-01
2.392074e+00 -9.667493e-01
2.516331e+00 -5.034501e-01
4.702011e-01 9.006181e-02
2.801660e+00 -1.184434e+00
2.168454e+00 -9.480832e-01
1.953239e+00 -3.490534e-01
2.126027e+00 -7.109388e-01
2.654784e+00 -3.062130e-01
5.551841e-01 1.559564e-01
8.851065e-01 -6.504412e-02
8.003231e-01 1.782886e-01
2.684301e+00 -2.091528e-01
2.695212e+00 -3.546996e-01
8.059035e-01 -4.225800e-02
1.023042e+00 1.990914e-01
2.215821e+00 -8.127398e-01
1.793157e+00 -1.608435e-01
1.919936e+00 -1.161258e-01
4.977688e-01 2.451420e-02
1.030639e+00 -7.816413e-03
2.141521e+00 -2.611807e-01
2.811862e+00 -1.016496e+00
5.042039e-01 6.663710e-02
1.420826e+00 -8.977350e-01
2.896860e+00 -1.358198e+00
2.243320e+00 -1.041506e+00
1.136090e+00 9.123467e-02
1.924313e+00 -4.780714e-02
1.888312e-01 -7.708961e-02
8.026957e-01 1.475180e-01
2.468674e+00 -1.034969e+00
3.079420e+00 -1.295936e+00
1.145526e+00 7.107127e-02
2.079877e+00 -6.018905e-01
7.194158e-01 1.091447e-01
1.561519e+00 -7.772390e-01
1.100646e-01 -7.598954e-02
6.504648e-02 3.364264e-02
2.139082e+00 -3.216044e-01
1.220571e+00 -3.359479e-01
1.101589e+00 5.079432e-02
1.382379e+00 -9.985266e-01
1.032083e+00 1.495994e-01
2.574976e+00 -4.506033e-01
2.990662e+00 -1.387741e+00
1.835091e+00 -4.512416e-01
1.798774e+00 -4.809448e-01
8.169486e-01 3.235818e-01
1.709642e+00 -8.468147e-01
2.509188e+00 -5.763918e-01
6.994617e-02 1.051901e-01
2.806797e+00 -1.011723e+00
2.325273e+00 -1.149027e+00
2.124151e+00 -5.495968e-02
2.732074e+00 -1.171236e+00
2.475634e+00 -1.086700e+00
2.052930e+00 -1.748472e-01
9.525837e-01 3.035337e-01
2.113279e+00 -8.231695e-02
7.474584e-01 1.479953e-01
2.037159e-01 -4.381319e-03
3.280375e-01 -6.091065e-02
5.625185e-01 1.132169e-01
8.863222e-01 2.932790e-01
2.949482e+00 -1.394402e+00
1.016749e-01 -6.875626e-02
1.044381e+00 1.367983e-01
1.237772e+00 -4.801436e-01
7.076807e-01 6.378207e-02
2.448222e+00 -1.055131e+00
1.537402e-01 7.737147e-02
9.229654e-01 -8.166253e-02
9.332809e-02 -2.095184e-01
2.691503e+00 -4.321397e-01
2.239654e+00 -5.711373e-01
1.596569e+00 -9.053753e-01
2.198283e+00 7.608482e-03
