2.141905e+00 -1.487812e+00
1.486576e+00 4.180000e-01
2.738072e+00 -1.482018e+00
-1.585294e-01 3.107647e-01
-2.511428e-01 -3.573390e-01
2.796119e+00 -4.894860e-01
1.153684e+00 -1.383522e-01
2.303504e-01 2.827435e-01
2.511135e+00 -8.352675e-01
8.641983e-01 4.180708e-01
1.077472e+00 -4.536063e-01
2.931380e+00 -1.254675e+00
1.482554e+00 -7.413774e-01
2.630200e+00 -2.904546e-01
9.713623e-01 3.933342e-01
1.821191e+00 -3.564087e-01
1.680078e+00 -4.563664e-01
1.254926e+00 -7.768503e-01
1.123675e-01 -3.150316e-01
2.032037e+00 -6.346122e-01
1.148027e+00 -1.405721e+00
6.432928e-01 -2.602027e-02
2.407813e+00 -5.224410e-01
1.443880e+00 -9.905848e-01
2.401482e+00 -4.643729e-01
3.376509e-01 -2.988773e-01
5.577321e-01 6.613255e-01
7.354698e-02 -1.292160e-01
1.609690e+00 -3.676549e-01
1.283414e-01 7.825933e-01
1.292741e+00 -1.769510e-02
9.670477e-01 -2.482904e-01
1.661871e+00 -5.950324e-01
4.445085e-01 -8.377497e-02
2.565779e+00 -4.827130e-01
1.446259e+00 -9.525659e-01
3.133356e+00 -8.239338e-01
1.805725e+00 -6.048172e-01
1.744565e+00 -1.528960e+00
2.013843e+00 -2.361498e-01
2.892225e+00 -1.661811e+00
1.313625e+00 1.489150e-01
2.399812e+00 -1.229158e+00
6.387100e-01 -3.650960e-01
8.036586e-01 2.491421e-01
9.138122e-01 2.440497e-01
3.403435e-01 -6.153685e-02
4.610582e-01 1.067773e-01
7.364345e-01 3.815786e-01
1.241411e+00 -1.072444e+00
1.036008e+00 -3.760893e-02
2.225944e+00 -1.377154e+00
2.181195e+00 -1.109420e+00
1.479781e-01 -1.320115e-01
5.100065e-01 3.854940e-01
2.626869e-01 5.916720e-02
1.763138e+00 -2.175923e-02
1.960934e+00 -8.392236e-01
1.476384e+00 -8.029986e-01
5.215774e-01 4.077573e-02
2.307551e-01 -3.764975e-01
-1.889781e-01 3.026803e-02
3.069491e+00 -1.562435e+00
2.766322e+00 -1.614972e+00
5.971205e-01 -1.549348e-01
6.752566e-01 -1.944573e-01
2.099849e+00 -1.198365e+00
2.319373e+00 -1.017151e+00
2.800441e+00 -4.960781e-01
2.393945e+00 -3.581650e-01
1.011488e+00 1.275927e-01
3.093469e+00 -1.431675e+00
1.209178e+00 -2.724555e-02
6.801067e-01 -5.571609e-01
2.202082e+00 -8.444822e-01
2.421720e+00 -1.577727e+00
4.238958e-01 5.161869e-02
2.728199e+00 -1.051686e+00
2.644401e+00 -9.741583e-01
1.872880e+00 -5.811913e-01
1.064776e+00 -2.148569e-01
4.660669e-01 4.952048e-01
3.021144e+00 -4.152626e-01
8.274649e-02 -1.217557e-01
1.533593e+00 -6.145811e-01
1.165232e+00 4.496296e-01
1.231290e+00 -6.717404e-01
1.877385e+00 -1.093425e+00
9.526609e-01 3.371045e-01
2.722873e+00 -1.168066e+00
1.115488e+00 -6.786814e-01
1.860343e+00 -2.597148e-01
4.831994e-01 -1.779559e-01
1.817892e-01 -1.499283e-01
8.295076e-01 -4.756447e-01
2.293308e+00 2.746384e-01
1.446359e+00 -5.294334e-01
1.631657e+00 2.487575e-01
8.761013e-01 2.906812e-01
1.367265e+00 -1.385335e+00
1.091067e+00 1.290622e-01
2.341047e+00 -7.925480e-01
1.738287e+00 -4.424339e-01
2.828049e+00 -2.613641e-01
2.112188e-01 2.638347e-01
3.298672e+00 -6.990204e-01
7.127137e-01 -2.856563e-01
2.324277e+00 -3.647437e-01
2.271506e-01 -1.004416e-01
1.040344e+00 2.206039e-02
2.667366e+00 -1.680481e+00
2.441137e+00 -5.086909e-01
2.036956e+00 -6.923663e-01
7.545264e-01 -4.926904e-02
1.007149e+00 -1.729412e-01
1.711457e+00 -9.086742e-01
1.519877e+00 -7.532276e-01
3.289242e+00 -6.501939e-01
2.251607e+00 1.259508e-01
1.379338e+00 -4.421691e-01
1.841699e+00 4.954052e-02
4.024173e-01 3.288699e-01
1.850278e+00 -3.375012e-01
1.972934e+00 -3.317282e-01
1.300704e+00 -8.221078e-02
6.469885e-01 -3.678530e-01
1.572972e+00 3.135407e-01
1.500700e+00 1.590613e-01
2.478248e+00 -1.047930e+00
1.573364e+00 -8.743133e-01
5.041346e-01 -2.784821e-01
2.839119e+00 -9.042075e-01
1.570455e-01 -1.492523e-01
8.232255e-01 -2.899944e-01
2.556089e+00 -7.480313e-01
1.959774e+00 -8.462155e-01
2.176935e+00 2.121127e-01
8.868042e-01 6.606302e-01
9.255399e-01 -5.523718e-01
2.802316e+00 -6.717135e-01
1.198009e+00 -7.835289e-01
7.492411e-01 -2.613835e-01
3.493489e-01 7.742052e-02
1.222942e+00 -1.062879e+00
2.287286e+00 1.650472e-01
1.934607e+00 -2.072785e+00
1.364178e+00 8.256454e-01
3.261408e+00 -1.466597e+00
1.686295e+00 8.713731e-03
3.223332e+00 -1.407973e+00
7.283257e-01 2.250342e-02
3.129457e+00 -1.921200e+00
3.105336e+00 -1.481980e+00
1.398644e+00 3.400135e-01
9.028490e-01 -1.349051e-01
2.581798e+00 -1.630647e-01
2.235037e-01 -6.770285e-02
1.651512e+00 -1.544103e+00
1.773346e+00 1.688218e-01
2.954389e-01 8.457866e-01
9.730301e-01 -4.227706e-01
1.497889e+00 -9.971267e-01
1.596092e+00 -1.109734e+00
1.553055e+00 -3.348014e-01
-1.609502e-01 -1.376796e-01
1.355402e+00 -5.076937e-01
1.353987e+00 -1.227141e+00
7.365028e-01 -1.206753e-01
1.291965e+00 -7.280718e-01
1.826823e+00 -1.161381e+00
1.683670e+00 3.828811e-01
1.071248e+00 2.095819e-01
1.304252e+00 -5.755367e-01
2.532214e+00 -9.634369e-01
3.210840e+00 -7.062862e-01
5.331688e-01 8.784032e-02
3.165135e+00 -1.324286e+00
2.110365e+00 -1.452791e+00
2.123473e+00 -9.993101e-01
2.368273e+00 -1.447895e-01
3.335429e+00 -4.219663e-01
4.142836e-01 8.327957e-02
1.452460e+00 -1.429416e-01
7.431550e-01 6.064529e-01
2.627668e+00 -3.932172e-01
2.335317e+00 4.116033e-02
9.867506e-01 2.243183e-01
3.735446e-01 4.715095e-01
1.839345e+00 -7.431246e-01
1.647272e+00 -5.102856e-01
2.258035e+00 -7.165231e-02
4.066086e-01 6.971232e-01
1.715082e+00 -7.478394e-03
1.577519e+00 3.483230e-01
2.404465e+00 -1.007382e+00
3.709786e-01 9.429280e-02
1.835813e+00 -1.080088e+00
2.696252e+00 -1.068972e+00
2.835351e+00 -6.472485e-02
6.070074e-01 -1.429296e-01
1.591932e+00 1.817816e-01
1.815949e-01 2.760547e-01
7.636241e-01 4.680125e-01
2.381474e+00 -9.815576e-01
2.768740e+00 -9.046992e-01
6.452111e-01 8.725767e-03
2.771976e+00 -1.973372e-01
4.269749e-01 -5.780441e-02
1.627409e+00 -6.554675e-01
6.176053e-01 -4.977363e-01
5.619118e-01 -3.277303e-01
2.548346e+00 -8.748448e-01
8.171796e-01 3.650843e-01
1.671119e+00 9.398802e-02
1.331535e+00 -8.660593e-01
1.170664e+00 2.891086e-01
2.627990e+00 -1.110328e+00
2.794801e+00 -1.866561e+00
2.061282e+00 -3.138782e-01
1.735464e+00 -6.142879e-01
1.437291e+00 6.218418e-01
1.749002e+00 -9.868177e-01
3.006088e+00 -4.431239e-01
-1.640917e-01 -2.145272e-01
3.064091e+00 -7.283992e-01
2.609082e+00 -9.429897e-01
1.907358e+00 -3.017438e-01
2.923965e+00 -1.250487e+00
2.079904e+00 -1.113279e+00
2.227442e+00 -2.325625e-01
1.486556e+00 -2.219996e-01
1.741272e+00 -3.263882e-01
1.106575e+00 3.138466e-01
-1.078515e-01 -6.572233e-01
-6.642156e-02 -5.845960e-01
8.201737e-01 -2.567864e-01
1.091629e+00 4.247631e-01
3.379250e+00 -1.593397e+00
1.396008e-01 4.077837e-02
1.128926e+00 1.925058e-02
1.573255e+00 -2.221960e-01
7.439012e-01 6.807661e-02
2.264035e+00 -9.521294e-01
2.062477e-01 -5.323264e-02
6.830303e-01 -1.486240e-01
-1.265886e-01 -7.889972e-03
3.433533e+00 -3.200777e-01
2.571327e+00 -7.529704e-01
1.643910e+00 -4.731412e-01
1.468494e+00 -1.903820e-01
