2.120064e+00 -1.058191e+00
1.338701e+00 -1.429573e+00
2.087947e+00 -8.789729e-01
-1.144693e-01 -3.749496e-01
4.931718e-01 2.813054e-02
3.151532e+00 -4.586279e-01
1.509815e+00 -3.192893e-01
-6.077617e-01 2.076221e-01
2.488985e+00 -9.249971e-01
5.786885e-01 6.612988e-01
1.363830e+00 3.131403e-01
3.008030e+00 -1.806600e+00
1.479643e+00 -7.655244e-01
2.600293e+00 -3.214447e-02
7.638052e-01 1.365862e-01
2.193819e+00 5.283735e-02
1.846019e+00 -2.731951e-01
1.199583e+00 -1.034567e+00
5.879178e-01 -4.434393e-01
2.482973e+00 -5.365013e-01
1.595828e+00 -8.496702e-01
7.059248e-01 9.820488e-02
2.191111e+00 -4.415424e-01
1.789872e+00 -1.105861e+00
2.778945e+00 -6.289188e-01
8.862737e-02 -2.250890e-01
4.930226e-02 1.229752e-01
3.262780e-02 -3.451711e-01
1.578444e+00 -4.763131e-02
1.798204e-01 -2.750878e-02
1.644095e+00 -4.659904e-01
1.236758e+00 -6.300215e-01
1.267250e+00 -4.298180e-01
2.318062e-01 -6.474869e-01
1.814256e+00 -3.001248e-01
1.981569e+00 -1.259699e+00
3.464711e+00 -2.142610e+00
1.233149e+00 -7.869276e-01
1.654105e+00 -4.639087e-01
2.083104e+00 -1.618468e-01
3.086908e+00 -2.154659e+00
6.858701e-01 -2.554266e-01
2.699524e+00 -7.500966e-01
1.468111e+00 4.287504e-01
1.005650e+00 2.415227e-01
5.673981e-01 -1.368077e-01
3.214623e-01 -2.438009e-01
2.469100e-01 -1.369383e-01
2.245722e-01 -5.998167e-01
1.274531e+00 -1.051417e+00
2.974479e-01 1.117472e+00
1.922432e+00 -8.202152e-01
2.392382e+00 -1.252103e+00
2.308489e-01 8.134043e-03
4.934794e-01 -2.778924e-01
1.873059e-01 -9.298339e-02
7.664323e-01 -3.870067e-01
2.155902e+00 -7.113749e-01
1.609341e+00 -1.062092e+00
1.081591e-01 5.409954e-02
3.584202e-01 2.097829e-01
4.554161e-01 -3.778788e-01
2.966262e+00 -1.094410e+00
2.644274e+00 -1.361296e+00
5.533788e-01 2.747055e-01
3.820206e-01 2.730497e-01
2.496365e+00 -1.442395e+00
2.314414e+00 -1.102222e+00
1.650939e+00 -1.254005e+00
2.929466e+00 -7.677865e-01
8.750649e-01 1.895341e-01
3.095389e+00 -1.293111e+00
6.813213e-01 2.996115e-01
1.415322e+00 3.090283e-01
2.065850e+00 -8.146613e-01
2.311833e+00 -7.622507e-01
5.151572e-01 -1.692857e-01
2.351110e+00 -8.988363e-01
2.851234e+00 -1.372067e+00
1.424287e+00 -6.695088e-01
1.460199e+00 -1.258015e+00
3.994983e-01 4.248163e-01
2.781332e+00 -1.360975e-01
3.584432e-01 5.967756e-02
1.952617e+00 -5.856987e-01
1.034083e+00 2.621365e-01
1.799165e+00 -6.004164e-01
2.505977e+00 -1.095478e+00
1.377791e+00 -1.059292e-01
3.350194e+00 -1.616215e+00
1.373428e+00 -4.372996e-01
1.576978e+00 -3.358398e-01
6.718131e-01 -9.746145e-03
3.953311e-01 -2.450201e-01
9.543127e-01 -3.239731e-01
1.679457e+00 -8.037013e-01
1.087566e+00 -1.703870e-01
2.872118e+00 -1.048273e+00
-9.278403e-02 -1.024728e-01
1.686138e+00 -6.914401e-01
9.672392e-01 -8.440284e-02
2.730593e+00 -6.652783e-01
1.345973e+00 -6.248398e-01
2.928098e+00 -3.742461e-01
6.345375e-01 -2.184041e-01
2.870365e+00 -4.201504e-01
1.482152e+00 -1.754808e-01
2.096627e+00 -1.007835e+00
-2.166253e-01 -1.421966e-02
2.772203e-01 3.425496e-01
3.092900e+00 -1.366956e+00
2.499008e+00 -7.695335e-01
2.826995e+00 -6.324177e-01
9.575820e-01 -1.040434e+00
9.879172e-01 -2.340028e-01
1.782952e+00 1.036011e-01
1.689958e+00 -8.417138e-01
2.631496e+00 -3.946454e-01
2.038611e+00 5.798731e-02
6.332746e-01 -7.113666e-01
2.096167e+00 7.421259e-01
5.960360e-01 2.212967e-01
1.834455e+00 -6.011167e-01
9.417439e-01 -3.730381e-01
7.699421e-01 1.848159e-01
1.133806e+00 -8.826846e-01
7.866289e-01 1.249604e-01
1.815378e+00 -1.865484e-01
2.070783e+00 -6.665017e-02
1.349549e+00 -8.150611e-01
7.749158e-01 6.765977e-01
2.611196e+00 -1.157984e+00
1.052419e+00 2.494513e-01
1.002721e+00 -3.589492e-01
1.924775e+00 -1.523729e+00
2.585665e+00 -1.022426e+00
1.565143e+00 9.802057e-02
1.308449e+00 6.115733e-01
1.063864e+00 8.009576e-01
1.988723e+00 -1.215991e+00
1.079394e+00 -1.324971e+00
8.869103e-01 2.005174e-01
8.507536e-01 -2.613490e-01
1.409051e+00 -7.517660e-01
2.159579e+00 -9.468148e-01
2.230467e+00 -1.034993e+00
1.201861e+00 5.296560e-01
2.938704e+00 -1.776722e+00
1.419358e+00 -2.611356e-01
2.769427e+00 -1.446322e+00
9.295272e-01 -2.083987e-01
2.654663e+00 -8.361500e-01
2.714730e+00 -1.250915e+00
7.725756e-01 3.141930e-01
9.531269e-01 2.931131e-01
2.199525e+00 -6.989372e-01
4.429987e-01 -2.887530e-01
1.877349e+00 -8.595781e-01
1.385442e+00 5.240283e-01
3.084184e-01 -1.771279e-02
1.081617e+00 1.783280e-01
1.664313e+00 -9.740554e-01
1.859027e+00 -6.926569e-01
1.467308e+00 -6.037074e-01
7.774551e-01 1.994209e-01
1.607029e+00 -7.568786e-01
1.705810e+00 -1.073910e+00
7.096097e-01 4.634420e-01
1.590616e+00 -1.199485e+00
2.893727e+00 -9.624643e-01
2.105904e+00 3.284147e-01
1.143298e+00 -5.144255e-02
1.438898e+00 -1.468831e+00
2.415827e+00 -6.958541e-01
2.681732e+00 -5.206341e-01
1.176715e+00 -4.876693e-01
2.357116e+00 -9.294992e-01
2.531453e+00 -6.290089e-01
1.598872e+00 -7.600853e-01
1.857660e+00 -6.100183e-01
2.356221e+00 4.988728e-02
5.246606e-01 -1.237496e-01
9.153223e-01 -6.035583e-01
5.741484e-01 5.931336e-02
2.747485e+00 -3.739028e-01
2.349493e+00 -7.123583e-01
8.245390e-01 -4.491859e-01
9.017214e-01 5.151127e-01
2.158873e+00 -8.442009e-01
1.924545e+00 -6.025584e-01
2.522435e+00 -2.407126e-01
3.915499e-01 -1.824056e-01
1.432732e+00 -4.048784e-01
2.451707e+00 -2.327914e-01
2.685567e+00 -1.376108e+00
1.058916e+00 -4.611235e-01
1.242379e+00 -1.238514e+00
2.304890e+00 -8.959653e-01
2.218201e+00 -1.289023e+00
1.373882e+00 -1.324877e-01
1.729290e+00 8.382982e-02
2.157772e-02 -3.401091e-01
1.127446e+00 1.835212e-01
2.688628e+00 -1.162847e+00
3.300940e+00 -1.362484e+00
1.424125e+00 3.861886e-01
2.574438e+00 -6.086362e-01
8.399667e-01 1.354594e-01
1.156382e+00 -2.153569e-01
-3.515658e-02 2.800183e-01
3.540601e-01 3.850348e-02
2.043411e+00 -3.734650e-01
9.790878e-01 -1.888952e-01
6.774085e-01 3.064673e-01
1.368075e+00 -1.178068e+00
6.084304e-01 7.394574e-02
2.696150e+00 -6.232282e-01
3.145453e+00 -1.222874e+00
1.819641e+00 -7.448692e-01
1.529084e+00 -9.899018e-01
7.056638e-01 4.171128e-01
1.279540e+00 -9.890637e-01
2.550033e+00 -2.961436e-01
-4.310366e-01 7.188384e-01
3.087417e+00 -1.249876e+00
2.039764e+00 -1.072950e+00
2.166553e+00 -4.435102e-01
2.505786e+00 -1.517436e+00
2.441464e+00 -1.076842e+00
2.707082e+00 -8.142604e-01
7.252290e-01 2.899430e-02
2.182018e+00 4.216038e-02
7.610620e-01 7.402242e-01
-1.749191e-01 -2.503059e-01
-9.704617e-02 -3.685950e-02
4.137274e-01 3.627604e-01
1.471892e+00 7.317517e-01
2.570574e+00 -1.332805e+00
2.575396e-01 2.199955e-01
1.850365e+00 -4.682534e-02
1.312774e+00 2.682090e-01
8.833306e-01 2.723024e-02
2.137639e+00 -8.951804e-01
4.828075e-01 3.256057e-01
8.344318e-01 -1.095817e-02
-9.615998e-02 -6.183608e-02
2.870077e+00 -4.828024e-01
2.357481e+00 -2.951809e-01
1.434848e+00 -4.853428e-01
1.644416e+00 -5.279444e-01
