2.513515e+00 -9.710709e-01
1.624290e+00 -6.852287e-01
2.579749e+00 -1.478939e+00
-1.596640e-01 -4.448370e-01
4.801534e-02 4.330958e-01
3.373817e+00 -4.161161e-01
8.486742e-01 5.190960e-01
4.175333e-01 -2.643352e-03
1.846447e+00 -5.600503e-01
6.852568e-01 1.772705e-01
1.300299e+00 4.989528e-02
3.572485e+00 -9.472516e-01
1.227173e+00 -8.485156e-01
1.689446e+00 6.547003e-01
8.126327e-01 -6.642059e-02
1.928047e+00 -3.036440e-01
2.157873e+00 1.210653e-01
1.949403e+00 -1.012982e+00
2.210818e-01 7.510925e-02
1.581085e+00 -6.884654e-01
1.383114e+00 -1.007018e-01
9.662743e-01 -8.787379e-02
1.696314e+00 -8.227574e-01
1.778756e+00 -1.452481e+00
2.762510e+00 -4.915384e-01
6.433113e-02 -2.931054e-02
-2.482334e-01 2.639438e-01
2.996705e-01 -2.190645e-01
1.593232e+00 -6.296391e-01
1.706846e-01 -8.809092e-02
9.674115e-01 -5.448523e-01
6.624333e-01 -5.161945e-01
1.616694e+00 -4.419360e-01
1.740335e-01 4.499990e-01
2.240937e+00 1.521396e-01
1.586162e+00 -1.368672e+00
3.688858e+00 -1.096804e+00
1.884251e+00 -5.679467e-01
2.684622e+00 -1.004035e+00
2.608288e+00 -4.779109e-01
3.274489e+00 -6.508298e-01
9.991455e-01 -6.543258e-01
2.617860e+00 -1.268031e+00
1.198818e+00 4.956948e-02
1.690194e+00 2.541601e-01
1.056512e+00 -1.904101e-01
2.255239e-01 -3.230251e-01
-5.233173e-01 2.765092e-01
2.161059e-01 -4.515649e-01
1.290235e+00 -6.681800e-01
1.082725e+00 6.484028e-01
2.249321e+00 -3.817493e-01
2.875780e+00 -1.546573e+00
6.461380e-01 1.132847e-02
3.510485e-01 5.017962e-02
-2.703126e-01 4.128766e-01
9.686735e-01 -4.754893e-01
1.999083e+00 1.061083e-01
1.404094e+00 -1.441924e+00
6.808003e-01 6.143236e-02
6.519926e-01 7.400052e-02
5.921148e-01 1.649957e-01
2.577445e+00 -4.908042e-01
3.177904e+00 -1.505150e+00
3.972324e-01 -2.504328e-01
1.282985e+00 2.064571e-01
2.344302e+00 -1.669659e+00
1.563165e+00 -1.262466e+00
2.899578e+00 -5.768494e-01
3.010696e+00 -7.154159e-01
2.547650e-01 1.742058e-02
3.754693e+00 -4.847834e-01
9.631508e-01 5.976163e-02
1.098503e+00 6.282367e-01
2.257207e+00 -8.086732e-01
2.903860e+00 -2.001362e+00
-1.535491e-01 -3.409942e-01
3.294412e+00 -1.494056e+00
1.721939e+00 -1.289259e+00
1.378112e+00 -9.864337e-01
1.385460e+00 -2.031458e-01
6.438165e-01 -6.049103e-03
2.718239e+00 -2.563949e-01
-1.456892e-01 -7.183223e-01
1.613033e+00 -6.668633e-02
9.640679e-01 6.686719e-01
1.442246e+00 -5.447506e-01
2.869414e+00 -1.413657e+00
4.452282e-01 7.486398e-02
2.640261e+00 -1.394412e+00
8.869869e-01 -5.804303e-01
2.000580e+00 -1.770157e-01
-1.271647e-01 -5.427868e-01
3.106388e-01 -1.781260e-01
1.087867e+00 -6.016954e-01
1.794121e+00 -9.706336e-02
1.538328e+00 -2.116921e-01
2.416356e+00 -2.702675e-01
6.304541e-01 3.905149e-01
8.890106e-01 -6.691023e-01
1.806131e+00 -4.439271e-01
3.554725e+00 -2.285368e-01
1.617942e+00 -1.110391e+00
2.624571e+00 -7.292002e-02
-2.226195e-01 2.832550e-01
2.824858e+00 -9.463375e-01
5.106617e-01 7.836345e-01
2.472433e+00 -6.412056e-01
1.176867e-01 -1.301396e-01
2.049551e-01 7.324485e-01
2.998759e+00 -9.504437e-01
2.590105e+00 -6.512643e-01
2.259677e+00 -3.791921e-02
1.952706e+00 -4.204181e-01
5.009131e-01 7.452539e-02
1.509357e+00 4.934470e-01
8.786326e-01 1.415071e-01
3.000862e+00 -5.320597e-01
1.670208e+00 -1.369119e-01
1.199586e+00 -2.706558e-01
2.211844e+00 5.865799e-01
4.783825e-01 2.061054e-01
1.663731e+00 -8.944660e-01
9.269330e-01 -3.481658e-01
1.212502e+00 3.125360e-02
1.623522e+00 -9.782542e-01
9.481021e-01 5.605602e-01
2.252222e+00 3.171450e-01
1.647603e+00 -7.499171e-01
1.053336e+00 -1.222634e+00
9.122052e-01 2.675275e-01
2.945453e+00 -1.089399e+00
7.153549e-01 6.023252e-01
1.044948e+00 -4.309689e-01
2.327413e+00 -1.835105e+00
2.396520e+00 -1.219917e+00
2.330321e+00 -2.884604e-01
5.514766e-01 -1.715791e-01
5.296018e-01 2.209684e-01
2.099237e+00 -3.761917e-01
1.611759e+00 -9.469370e-01
5.573254e-01 -1.697767e-01
-3.735843e-02 -1.289026e-01
1.850052e+00 -1.706685e+00
1.196079e+00 -6.563802e-01
1.574251e+00 -1.747626e+00
1.275356e+00 2.633744e-02
2.616490e+00 -1.311633e+00
2.101908e+00 2.764973e-01
2.135128e+00 -1.563477e+00
3.900312e-01 3.306710e-01
4.058796e+00 -9.807778e-01
2.861457e+00 -1.855004e+00
2.269879e-01 6.042266e-01
3.363582e-01 4.059282e-02
3.336563e+00 -1.000192e+00
4.566053e-01 -3.558250e-01
2.232976e+00 -1.346413e+00
2.225903e+00 -8.407214e-01
1.066122e+00 4.284388e-01
7.141379e-01 3.680411e-01
1.739476e+00 -5.754518e-01
1.321190e+00 -9.576016e-01
1.767969e+00 -6.636546e-01
5.555879e-01 -3.914039e-01
1.292626e+00 -1.122255e+00
1.665729e+00 -1.533510e+00
7.209794e-01 5.035037e-01
1.566596e+00 -9.318746e-01
2.677261e+00 -8.080928e-01
1.732917e+00 -2.106792e-01
7.387573e-01 1.468242e-01
1.209130e+00 -1.101805e+00
1.831412e+00 -9.736352e-01
2.796596e+00 8.028339e-02
9.238797e-01 4.456510e-01
2.939760e+00 -1.039703e+00
1.911526e+00 -1.308749e+00
1.865997e+00 -8.238723e-01
2.147685e+00 -1.740446e+00
2.872206e+00 -7.421822e-01
-5.350751e-02 4.046878e-01
1.541070e+00 -1.326614e-01
5.422078e-01 5.362281e-01
2.297527e+00 -4.057985e-01
3.186009e+00 -1.541710e-01
8.838198e-01 1.151884e-01
1.024585e+00 2.560429e-01
1.763526e+00 -4.013916e-01
1.724137e+00 -2.292874e-01
2.276048e+00 -1.642197e-01
7.538758e-01 1.466921e-02
1.097896e+00 1.647888e-01
2.175250e+00 9.702340e-02
3.292950e+00 -7.619738e-01
1.368181e-01 6.646756e-01
7.216645e-01 -1.071354e+00
2.846534e+00 -1.804876e+00
2.341880e+00 -6.026012e-01
8.081070e-01 1.897523e-01
2.285765e+00 -8.996096e-01
2.323402e-01 1.306634e-01
5.219067e-01 -2.597487e-01
2.160328e+00 -1.106610e+00
2.656890e+00 -1.139330e+00
1.249251e+00 2.015238e-01
2.682335e+00 -3.665377e-01
8.298576e-01 -2.905016e-01
1.927195e+00 -3.571111e-01
7.811295e-02 -3.504091e-01
4.239197e-01 -7.675810e-01
2.257883e+00 2.880826e-01
1.039649e+00 -1.207596e-01
1.108688e+00 4.876348e-01
1.487003e+00 -1.001114e+00
4.067808e-01 1.561138e-01
2.699576e+00 -1.286439e+00
2.566937e+00 -1.582891e+00
1.555961e+00 -4.508711e-01
1.728283e+00 -5.547565e-01
1.695245e+00 5.108396e-02
1.322751e+00 -1.614134e-01
3.167705e+00 -9.244042e-01
5.538454e-01 -7.708636e-01
4.015918e+00 -3.212244e-01
2.611071e+00 -8.145451e-01
2.192734e+00 -3.869246e-01
3.363669e+00 -6.665743e-01
2.121999e+00 -1.115436e+00
1.487249e+00 -1.193679e-01
8.371688e-01 7.171384e-01
2.677829e+00 -5.677407e-01
1.142274e+00 6.022968e-01
-5.232186e-01 3.750011e-01
-2.689590e-01 -1.980812e-01
1.537779e-01 -5.408550e-01
1.312793e+00 -1.464330e-01
2.811631e+00 -1.353211e+00
3.066189e-01 -3.977339e-01
1.286478e+00 -6.898567e-02
8.736935e-01 -5.285980e-02
1.596925e+00 3.078884e-01
2.209643e+00 -1.265813e+00
4.614624e-01 -1.659261e-02
6.866871e-01 -7.392478e-01
2.089169e-01 -5.318034e-01
2.406187e+00 2.014425e-01
1.801398e+00 -8.837215e-02
1.217775e+00 -5.322688e-01
2.241650e+00 8.913223e-02
