2.534435e+00 -6.227285e-01
1.481092e+00 -1.278244e+00
2.417806e+00 -1.545572e+00
-2.314400e-01 -1.348321e-01
4.668457e-01 -1.751076e-01
3.100014e+00 -2.136348e-01
1.271777e+00 -5.552227e-02
8.827838e-01 -3.650250e-01
1.977666e+00 -1.306155e+00
8.980284e-01 4.958030e-01
7.980668e-01 4.893456e-01
2.477713e+00 -1.005656e+00
1.636155e+00 -8.754462e-01
2.166030e+00 -1.794658e-01
1.236629e+00 1.185418e+00
2.225999e+00 -7.820692e-01
1.728669e+00 3.967718e-01
1.467928e+00 1.492400e-02
8.277748e-01 -6.185779e-01
2.241448e+00 -1.496976e+00
1.381911e+00 -5.349814e-01
-5.998163e-01 1.024932e+00
3.027799e+00 -1.070173e+00
2.177953e+00 -1.765430e+00
2.011144e+00 -1.420378e+00
-9.302479e-01 -1.804759e-01
2.182184e-01 5.889248e-02
2.377952e-01 4.283177e-03
1.324360e+00 -3.915775e-01
-1.357094e+00 5.346077e-01
1.092410e+00 1.293933e-01
1.501159e+00 4.029067e-01
1.120916e+00 -5.707725e-01
1.073125e+00 -2.959257e-01
2.624257e+00 -4.762535e-01
7.312889e-01 -7.440210e-01
2.810166e+00 -1.985863e+00
1.620322e+00 -1.087805e+00
2.488519e+00 -4.786095e-01
1.538684e+00 -4.984687e-01
3.440534e+00 -7.757826e-01
8.518433e-01 -1.080227e-01
2.321806e+00 -1.034107e+00
1.215493e+00 6.294940e-01
1.834709e-01 3.066865e-02
-3.117551e-01 2.076969e-01
1.337657e-02 -1.572106e-01
5.576658e-01 1.933588e-01
6.378793e-01 7.029934e-02
2.277769e+00 -1.270589e+00
8.862679e-01 2.947681e-01
2.190477e+00 -1.314172e-01
1.821692e+00 -1.989295e+00
3.671573e-01 -2.980243e-01
-7.419682e-01 2.340741e-01
1.236217e-01 5.603313e-01
9.277375e-01 -1.175333e+00
1.218241e+00 -1.744711e+00
2.356211e+00 -4.279482e-01
8.551312e-01 3.146959e-01
-2.541824e-01 -1.420890e-01
7.449895e-01 -8.338905e-01
3.012446e+00 -3.902399e-01
4.104477e+00 -8.751900e-01
7.057070e-01 8.601387e-02
1.365234e+00 3.178403e-01
1.324406e+00 -1.096063e+00
1.070054e+00 -2.294506e+00
2.823598e+00 -6.018807e-01
1.883273e+00 -2.208839e-02
1.663171e+00 6.310001e-01
2.846194e+00 -1.005790e+00
8.440726e-01 3.437119e-01
6.238535e-01 -2.610941e-01
2.200901e+00 -4.840913e-01
2.654872e+00 -1.702037e+00
1.719339e-01 -1.451796e-01
3.863490e+00 -1.139255e+00
2.785761e+00 -5.072274e-01
1.998113e+00 -1.976036e+00
1.243771e+00 -2.608966e-01
8.368246e-01 -6.011103e-01
2.177379e+00 -7.997967e-01
2.649717e-01 9.698615e-02
2.575811e+00 -3.914261e-01
1.098164e+00 -5.097920e-01
1.158284e+00 8.083894e-01
2.438164e+00 -1.337288e+00
1.339810e+00 4.547641e-01
3.210547e+00 -9.553840e-01
1.806156e+00 -5.038877e-01
1.966342e+00 -7.354996e-01
3.479219e-02 -2.784526e-02
-5.145243e-01 1.619315e-01
9.179945e-01 -4.640188e-01
2.122608e+00 -9.087484e-01
1.543480e+00 -1.647724e+00
2.816572e+00 -3.772403e-01
7.247360e-01 2.044629e-01
1.083698e+00 -8.681801e-01
7.210217e-01 6.331271e-01
3.665540e+00 -9.027084e-01
8.237581e-01 -6.972528e-01
3.202873e+00 -1.208984e-01
3.379285e-01 -1.261555e-01
1.936360e+00 -8.204885e-01
7.757265e-01 -2.516925e-02
2.294767e+00 3.016484e-01
1.133017e-01 2.788189e-01
9.157761e-01 1.736384e-01
3.479415e+00 -1.154894e+00
3.165814e+00 -6.911466e-02
2.309955e+00 -3.384129e-01
1.586043e+00 -6.018579e-01
3.275775e-01 -2.041134e-01
1.508542e+00 -1.185057e+00
7.398852e-01 -1.370814e+00
1.562916e+00 -3.562519e-01
2.063013e+00 2.502392e-01
9.644680e-01 -5.871410e-01
1.548842e+00 2.885683e-01
-3.135059e-01 2.950717e-02
1.504114e+00 -3.427289e-01
1.739840e+00 -3.369852e-02
6.555549e-02 7.987267e-01
9.545057e-01 4.477468e-02
2.053724e+00 8.026662e-01
1.414131e+00 -9.316510e-01
1.749894e+00 -7.001222e-02
9.939636e-01 -1.886082e+00
1.590188e+00 -2.118477e-01
2.925250e+00 -5.420927e-01
5.788383e-01 4.980264e-01
1.971989e+00 6.645617e-02
2.695808e+00 -9.542782e-01
1.970359e+00 -5.717806e-01
2.111082e+00 1.327974e-01
9.275351e-01 1.005019e-03
8.775126e-01 -2.617981e-01
2.482955e+00 -8.557072e-01
1.072726e+00 -1.603010e-01
5.125032e-01 -3.876721e-01
3.702999e-01 -4.630037e-01
1.300140e+00 -1.247402e+00
1.742970e+00 2.751020e-01
2.363007e+00 -1.084568e+00
7.049748e-01 3.476877e-01
2.946765e+00 -1.410918e+00
2.408296e+00 -6.717408e-01
3.497982e+00 -2.531469e+00
5.882611e-01 8.496656e-01
3.476486e+00 -1.142008e+00
2.565507e+00 -1.424260e+00
2.071480e+00 5.883181e-01
-1.880589e-01 2.272240e-01
2.357780e+00 -9.321629e-01
5.870311e-01 -4.704871e-01
2.336262e+00 -2.910570e-01
1.586840e+00 -4.954529e-01
7.659087e-01 5.602336e-01
8.163502e-01 6.961456e-01
2.179197e+00 -4.731588e-01
9.659836e-01 -5.246272e-01
1.794450e+00 -8.475325e-01
7.532900e-01 6.308389e-01
1.651395e+00 -2.101858e+00
1.532525e+00 -7.935235e-01
1.950836e+00 2.481927e-01
1.461092e+00 -6.178055e-01
2.651214e+00 -1.176674e+00
1.116565e+00 -4.402248e-01
-3.406182e-02 3.619925e-01
1.447259e+00 -2.693062e-01
1.933158e+00 -1.725474e+00
3.577737e+00 -5.962739e-01
8.237820e-01 1.413785e-01
3.218252e+00 -9.745715e-01
1.834076e+00 -6.679180e-01
1.939854e+00 -1.322688e+00
2.332093e+00 -9.099183e-01
2.347299e+00 1.697342e-01
4.959539e-01 8.777005e-02
1.190834e+00 -1.142075e-01
7.873459e-01 9.697746e-01
2.270696e+00 -1.209565e+00
2.655537e+00 -7.777389e-01
3.543682e-01 2.204368e-01
1.143955e+00 6.014195e-02
1.996624e+00 -9.970281e-01
1.886506e+00 -1.467728e-01
1.046354e+00 3.307299e-01
-3.361485e-01 -3.015914e-01
2.800680e-01 1.601206e-01
1.666654e+00 -2.242852e-01
2.490187e+00 -1.696003e+00
-7.929347e-01 -2.272631e-01
8.138300e-01 -5.527671e-01
3.943479e+00 -4.117471e-01
2.186589e+00 -1.301493e+00
1.253584e-01 -2.096459e-01
1.486577e+00 -4.746814e-01
-6.551880e-01 3.289815e-01
1.152576e+00 -2.275630e-01
2.870241e+00 -1.000108e+00
3.229774e+00 -9.800595e-01
1.257030e+00 -3.629105e-01
2.691128e+00 -2.448003e-01
1.107348e+00 -4.530571e-01
7.191501e-01 -1.200216e-01
-1.060087e-01 1.076298e-01
7.177269e-01 7.952404e-01
2.381626e+00 -5.866545e-01
1.052602e+00 -3.471174e-02
1.154710e+00 -2.981220e-01
1.168882e-01 -1.228548e+00
9.231593e-01 1.126562e-01
3.581549e+00 8.128967e-02
2.748843e+00 -1.085984e+00
4.686364e-01 1.737467e-01
1.525109e+00 -4.354363e-01
7.837245e-01 7.451837e-01
1.504855e+00 -3.924375e-01
2.749823e+00 -4.194047e-01
2.296427e-03 -2.684173e-01
2.756148e+00 -1.243323e+00
2.602385e+00 -1.733789e+00
2.046851e+00 6.413871e-01
2.653492e+00 -1.003440e+00
1.258532e+00 -1.892682e+00
1.926351e+00 -1.374777e-01
9.675619e-01 1.299015e+00
1.730025e+00 -8.943453e-02
4.687375e-01 6.100832e-01
-3.817731e-01 -3.701536e-01
-1.136633e-01 4.233707e-01
5.861855e-01 2.450497e-01
7.632785e-01 8.445026e-01
2.896646e+00 -3.677553e-01
6.367166e-01 -7.385134e-01
1.405875e+00 6.596250e-01
1.083136e+00 -2.655398e-01
5.805809e-03 -2.737356e-01
2.333503e+00 -1.641406e+00
1.584250e-01 3.030548e-01
6.642843e-01 -7.152999e-01
-7.368147e-01 5.931888e-01
1.700208e+00 -3.184324e-01
2.795107e+00 -1.009368e+00
1.214487e+00 -8.030529e-01
2.126179e+00 -3.602296e-01
