2.521488e+00 -1.181687e+00
1.082010e+00 -6.326928e-01
2.464919e+00 -1.753913e+00
2.244127e-01 2.324738e-01
2.458096e-02 -5.684984e-01
2.491423e+00 -3.485621e-01
7.363249e-01 -1.524969e-02
3.000445e-01 4.063473e-01
2.242095e+00 -1.107945e+00
4.540130e-01 1.019411e-02
1.324678e+00 -4.115666e-02
3.257195e+00 -1.378466e+00
1.056977e+00 -1.126661e+00
2.775904e+00 -1.551006e-01
5.436478e-01 -4.160271e-01
1.529337e+00 -8.236389e-01
1.496574e+00 3.044971e-01
1.897962e+00 -9.054006e-01
2.395448e-01 2.841888e-03
2.430552e+00 -7.215645e-01
1.004101e+00 -7.290033e-01
6.861539e-01 5.182620e-01
2.420267e+00 -7.003961e-01
2.122245e+00 -6.021861e-01
2.485157e+00 -5.366425e-01
-9.537194e-02 9.153568e-02
2.223896e-01 2.702067e-01
-1.721196e-01 1.023928e-01
1.506781e+00 5.160968e-01
-1.283604e-01 -5.843839e-01
2.017181e+00 -8.714420e-02
1.144693e+00 -6.159498e-01
1.282954e+00 7.311684e-02
5.367864e-01 -5.985735e-01
1.578532e+00 2.027441e-02
1.908225e+00 -9.588863e-01
3.128167e+00 -1.731085e+00
1.203375e+00 -1.717705e+00
1.875473e+00 -9.996654e-01
2.020808e+00 -1.202783e+00
2.922872e+00 -1.189172e+00
2.870936e-01 1.479040e-01
2.362108e+00 -1.341955e+00
1.310340e+00 6.144850e-01
1.872476e+00 -2.140016e-01
8.821945e-01 7.444186e-01
4.650337e-01 8.006335e-01
1.333604e-01 -6.130048e-01
1.328558e-02 -1.339771e-01
1.544997e+00 -5.232176e-01
7.730785e-01 6.594257e-01
2.402530e+00 -1.196236e+00
2.329975e+00 -7.214604e-01
3.584782e-01 -2.529001e-01
5.349569e-01 -1.139196e-01
-1.766760e-01 4.131150e-01
1.149971e+00 5.012864e-01
1.944747e+00 -1.051809e+00
1.315783e+00 -1.365115e+00
4.255440e-01 -3.183503e-01
-3.469365e-01 -5.180765e-01
-3.770778e-02 1.337007e-01
2.763146e+00 -4.493992e-01
2.655346e+00 -1.466483e+00
1.079737e+00 -4.763268e-02
1.172170e+00 -2.171051e-01
2.281247e+00 -1.036437e+00
2.622385e+00 -1.126250e+00
2.711624e+00 -7.955949e-01
2.288600e+00 -6.444252e-01
1.019738e+00 5.734751e-01
2.540523e+00 -1.220939e+00
4.358554e-01 8.116602e-02
1.486103e+00 -2.625743e-01
2.137513e+00 -1.085544e+00
2.163706e+00 -1.744744e+00
3.558773e-01 1.178687e-01
3.001656e+00 -1.123750e+00
2.567431e+00 -1.539665e+00
1.295479e+00 -1.744067e+00
1.170634e+00 -9.046481e-01
7.582092e-01 1.093693e+00
2.972890e+00 1.794718e-01
3.883513e-01 -5.511226e-02
1.810497e+00 -9.513016e-02
1.083305e+00 5.790672e-02
1.735462e+00 -1.726474e-01
1.768298e+00 -1.120474e+00
1.149626e+00 -2.077371e-01
2.826844e+00 -1.517223e+00
7.018501e-01 -1.269179e+00
1.573126e+00 -5.765469e-01
-1.292244e-01 -3.460767e-01
5.907572e-02 3.383695e-01
1.653995e+00 -2.038933e-01
1.510374e+00 -3.281829e-01
1.770923e+00 -1.232730e+00
2.361423e+00 -6.007754e-01
-2.072234e-01 1.826762e-01
1.884234e+00 -1.982433e-01
9.668683e-01 4.032993e-01
2.219479e+00 -8.474995e-01
1.211202e+00 -6.105273e-01
2.749711e+00 -2.622008e-01
-1.872703e-01 -3.371600e-01
2.690891e+00 -1.335580e+00
1.017577e+00 4.768754e-01
2.641205e+00 -5.398311e-01
7.636438e-01 -3.259531e-02
5.062441e-01 1.845841e-01
2.837047e+00 -1.161085e+00
2.871058e+00 -6.192950e-01
2.466927e+00 -6.111794e-01
1.406131e+00 -1.791267e-01
6.833169e-01 1.522693e-01
1.308892e+00 -6.804724e-01
1.501656e+00 -1.212870e+00
2.263747e+00 -6.929866e-01
1.847938e+00 -5.894303e-01
9.612466e-01 -1.568783e+00
2.056398e+00 2.438169e-01
6.030848e-01 6.644875e-03
1.217163e+00 -1.512912e+00
1.337298e+00 -4.276250e-01
7.813370e-01 4.200144e-01
1.176204e+00 -4.295266e-01
6.685914e-01 -7.248992e-01
2.062001e+00 -6.324083e-01
1.562658e+00 -1.866834e-01
1.214345e+00 -1.451381e+00
1.508630e+00 1.667119e-02
1.965706e+00 -1.090012e+00
1.226423e+00 1.176732e-01
1.006958e+00 -1.401552e-01
2.141287e+00 -1.326393e+00
1.957159e+00 -4.270469e-01
2.074705e+00 3.860113e-01
8.681489e-01 7.643291e-01
5.353223e-01 -8.914891e-02
2.238469e+00 -4.734718e-01
2.054033e+00 -3.998488e-01
1.804024e-01 -5.471551e-01
7.500967e-02 8.216385e-02
1.364172e+00 -9.380540e-01
1.652962e+00 -1.024928e+00
2.459939e+00 -1.155971e+00
1.408749e+00 2.619745e-01
3.237236e+00 -1.655761e+00
2.176215e+00 8.201267e-02
3.059469e+00 -1.262930e+00
7.574634e-01 3.882664e-01
3.293605e+00 -1.417584e+00
2.579580e+00 -1.648517e+00
8.266315e-01 2.354739e-01
8.817781e-01 4.765389e-01
1.997261e+00 -4.655726e-01
4.199888e-01 4.049796e-01
1.543422e+00 -4.836878e-01
2.144630e+00 3.390263e-02
3.906995e-01 4.273822e-02
1.057951e+00 1.385351e-01
1.736369e+00 -3.302608e-01
1.899792e+00 -1.281350e+00
1.347400e+00 -5.159885e-01
3.492193e-01 1.179012e-01
1.167292e+00 -1.472575e+00
1.554021e+00 -1.172965e+00
9.078171e-01 -3.199797e-02
1.236136e+00 -1.756040e+00
3.237928e+00 -5.894683e-01
1.390277e+00 -8.415717e-01
7.108592e-01 5.519314e-01
1.154862e+00 -6.900068e-01
2.795414e+00 -1.352013e+00
2.310264e+00 -4.801020e-01
3.758098e-01 -2.320945e-01
3.093317e+00 -9.073469e-01
2.526345e+00 -9.924848e-01
1.171577e+00 -4.777609e-01
1.774695e+00 -1.425786e+00
2.584529e+00 -2.823200e-01
1.091279e+00 -3.134816e-01
1.383178e+00 -6.576501e-01
1.280765e+00 -3.493041e-03
2.495627e+00 -4.538737e-01
2.898838e+00 -8.156957e-01
8.406522e-01 3.843969e-03
1.775933e+00 -2.327624e-01
1.321267e+00 -3.036686e-01
2.083943e+00 -4.210132e-01
1.931189e+00 -3.865639e-01
-2.922942e-01 -2.354610e-02
9.971677e-01 1.952575e-01
1.681401e+00 -4.035275e-01
2.729834e+00 -1.512246e+00
8.599291e-01 3.656459e-01
1.238314e+00 -6.254567e-01
2.469627e+00 -1.488183e+00
2.739405e+00 -6.798880e-01
1.201462e+00 -1.257537e-01
1.927979e+00 -6.199818e-01
4.771444e-02 1.092179e-01
8.887155e-01 2.209278e-01
2.213275e+00 -1.347628e+00
2.614933e+00 -1.455272e+00
1.331520e+00 -2.530928e-01
2.180741e+00 -6.257532e-01
1.039214e+00 2.162827e-01
9.318767e-01 -1.327380e-01
5.531298e-01 1.505288e-01
-8.688188e-02 -1.328695e-01
1.596721e+00 -4.424076e-01
1.257418e+00 -2.288845e-01
1.680661e+00 2.947194e-01
1.784254e+00 -6.715430e-01
1.086580e+00 2.766577e-01
2.033755e+00 -5.433962e-01
2.490441e+00 -1.750842e+00
2.218674e+00 -8.160917e-01
1.310009e+00 -3.926741e-01
7.447783e-01 3.882606e-01
2.293760e+00 -6.034155e-01
2.024776e+00 -1.541800e-01
-2.063342e-02 4.505283e-02
2.260364e+00 -8.760500e-01
1.937462e+00 -9.795717e-01
1.757807e+00 1.360355e-01
2.420178e+00 -1.768868e+00
2.230688e+00 -1.009102e+00
1.592048e+00 -2.849124e-02
1.252932e+00 -2.596441e-01
2.093365e+00 5.728339e-02
7.594204e-01 2.127677e-01
-2.997064e-01 1.324586e-01
3.584956e-01 6.425327e-02
1.245828e+00 3.096905e-02
9.731669e-01 6.907093e-01
2.957207e+00 -1.601216e+00
1.414264e-01 -2.403466e-01
1.506376e+00 2.058677e-01
9.856325e-01 -9.077803e-01
7.994800e-01 3.136964e-01
2.023658e+00 -6.891646e-01
3.636657e-01 9.741098e-02
1.387474e+00 -3.914398e-01
-2.733834e-01 -1.039222e-01
2.349184e+00 -2.905739e-01
2.424096e+00 -7.666025e-01
1.332737e+00 -5.917117e-01
1.662148e+00 -2.109659e-01
