2.308869e+00 -1.147637e+00
1.291593e+00 -4.509313e-01
2.364927e+00 -1.206608e+00
1.797968e-01 -4.395730e-02
1.572822e-01 -5.689682e-02
2.676307e+00 -3.108563e-01
1.120603e+00 -4.694757e-02
1.974409e-01 -2.157531e-02
2.278900e+00 -1.182659e+00
6.622057e-01 2.092298e-01
1.062273e+00 3.940158e-02
2.961728e+00 -1.375268e+00
1.470594e+00 -8.639422e-01
1.912096e+00 -1.190437e-01
1.134704e+00 -3.838276e-03
1.795591e+00 -4.836293e-01
1.908393e+00 -1.867581e-01
1.668229e+00 -8.431127e-01
4.471586e-01 4.874687e-02
1.768231e+00 -4.243910e-01
1.563260e+00 -9.743224e-01
3.294514e-01 7.109266e-03
2.570722e+00 -5.879267e-01
1.445080e+00 -8.648608e-01
2.541891e+00 -6.868729e-01
7.527309e-02 -5.413136e-02
1.430207e-01 -2.275638e-02
1.220193e-01 3.956554e-03
1.943970e+00 -1.784252e-01
2.186942e-02 2.260082e-02
1.069708e+00 1.119532e-01
1.058510e+00 -7.988145e-03
1.297144e+00 -4.924158e-01
2.951802e-01 -3.678632e-03
1.858463e+00 -3.045273e-01
1.684914e+00 -7.998855e-01
2.957085e+00 -1.300373e+00
1.644707e+00 -8.490688e-01
1.557327e+00 -1.004558e+00
1.982103e+00 -1.343338e-01
2.949335e+00 -1.367160e+00
9.865737e-01 1.451666e-01
2.380484e+00 -1.196762e+00
8.397010e-01 2.568351e-01
7.167661e-01 2.115291e-01
7.370399e-01 2.380250e-01
7.053600e-01 2.097804e-01
2.840741e-02 -8.292732e-03
4.757038e-01 5.907291e-02
1.567561e+00 -9.587530e-01
8.147685e-01 2.635566e-01
2.366678e+00 -1.230566e+00
2.444784e+00 -1.016092e+00
3.153344e-01 -3.068135e-02
4.221221e-01 4.608375e-02
9.878231e-04 1.809620e-02
1.233314e+00 -2.321503e-01
1.684743e+00 -7.612734e-01
1.577956e+00 -9.451701e-01
2.013714e-01 -1.915401e-02
4.561637e-01 5.591174e-02
3.306203e-01 3.529901e-02
2.787355e+00 -7.773514e-01
2.983884e+00 -1.352180e+00
4.690354e-01 9.238947e-02
1.096638e+00 2.985394e-02
2.371080e+00 -1.162443e+00
2.400590e+00 -1.154836e+00
2.824599e+00 -8.398946e-01
2.533488e+00 -5.784839e-01
8.941289e-01 2.090214e-01
2.865910e+00 -1.171509e+00
7.915311e-01 2.335475e-01
1.135095e+00 -6.366887e-02
2.160273e+00 -6.398882e-01
2.391444e+00 -1.195953e+00
2.426791e-01 -2.326436e-02
2.878780e+00 -1.276034e+00
2.429057e+00 -1.002376e+00
1.566780e+00 -9.549666e-01
1.356613e+00 -6.046191e-01
7.480416e-01 2.249032e-01
2.714502e+00 -3.423456e-01
1.112288e-01 -3.258013e-02
1.828930e+00 -3.781970e-01
9.824736e-01 1.578616e-01
1.276607e+00 -3.431005e-01
2.233006e+00 -1.029687e+00
1.154775e+00 -7.534735e-02
2.959390e+00 -1.395674e+00
1.328276e+00 -5.589737e-01
1.790962e+00 -4.188310e-01
3.488035e-01 2.395934e-02
1.379848e-01 -2.959348e-02
1.279205e+00 -5.648134e-01
1.887258e+00 -2.689706e-01
1.322842e+00 -6.022842e-01
2.530285e+00 -6.647367e-01
3.663076e-01 8.385616e-02
1.318471e+00 -6.237631e-01
1.025910e+00 9.452817e-02
2.812791e+00 -9.444568e-01
1.304839e+00 -5.394805e-01
2.710137e+00 -4.246975e-01
2.924385e-01 1.812330e-02
2.750847e+00 -7.067205e-01
9.784331e-01 1.655169e-01
2.171770e+00 -6.079339e-01
1.093382e-01 -2.114716e-02
9.437400e-01 1.806101e-01
2.890293e+00 -1.309364e+00
2.800642e+00 -6.741993e-01
2.147305e+00 -4.437737e-01
1.211110e+00 -2.764779e-01
6.139858e-01 1.734721e-01
1.777508e+00 -6.048171e-01
1.588547e+00 -9.580843e-01
2.711300e+00 -5.203494e-01
2.032023e+00 -1.092705e-01
1.432757e+00 -8.420836e-01
1.957333e+00 -8.089008e-02
6.269661e-01 1.786287e-01
1.711105e+00 -7.446426e-01
1.351764e+00 -6.326666e-01
1.083041e+00 7.678073e-02
1.459630e+00 -8.133811e-01
9.849877e-01 2.305718e-01
1.840761e+00 -2.794407e-01
2.136233e+00 -3.644469e-01
1.560269e+00 -9.353643e-01
1.097008e+00 7.985223e-02
2.460919e+00 -9.684502e-01
4.914499e-01 8.585203e-02
1.220344e+00 -3.172740e-01
2.274082e+00 -1.124131e+00
2.177094e+00 -6.640480e-01
2.003029e+00 -1.269664e-01
7.524927e-01 2.014298e-01
3.174374e-01 -6.564994e-03
2.308475e+00 -1.118722e+00
1.625386e+00 -9.260649e-01
5.335819e-01 1.407587e-01
3.891639e-01 8.316926e-02
1.581930e+00 -9.461147e-01
1.842260e+00 -4.381538e-01
2.336164e+00 -1.157989e+00
9.257118e-01 1.787642e-01
2.949858e+00 -1.414712e+00
2.044971e+00 -1.885389e-01
2.855215e+00 -1.155872e+00
6.680050e-01 1.958179e-01
2.877732e+00 -1.267688e+00
2.956393e+00 -1.360399e+00
7.578636e-01 2.311469e-01
6.944183e-01 1.528515e-01
2.693317e+00 -2.795025e-01
3.510713e-01 3.946689e-04
1.544626e+00 -9.941204e-01
1.985982e+00 -6.861677e-02
4.011523e-01 4.029944e-02
9.508399e-01 2.009278e-01
1.308599e+00 -6.512685e-01
1.519515e+00 -9.291856e-01
1.719590e+00 -7.096585e-01
3.891903e-01 2.961004e-02
1.543549e+00 -9.883801e-01
1.500709e+00 -9.391159e-01
6.679563e-01 1.403044e-01
1.560895e+00 -9.433060e-01
2.823183e+00 -8.368352e-01
1.945451e+00 -9.630617e-02
9.134035e-01 2.113489e-01
1.342325e+00 -6.270696e-01
2.436232e+00 -1.016854e+00
2.583320e+00 -5.415194e-01
4.642581e-01 2.582050e-02
2.814891e+00 -1.078521e+00
2.192652e+00 -9.329691e-01
1.766577e+00 -4.796889e-01
2.186101e+00 -7.139502e-01
2.672791e+00 -3.264827e-01
5.174662e-01 1.181578e-01
1.162313e+00 -1.224085e-01
8.351934e-01 2.456646e-01
2.616493e+00 -3.378316e-01
2.625161e+00 -3.024494e-01
9.151046e-01 2.311247e-01
1.016735e+00 1.667871e-01
2.187970e+00 -8.779077e-01
1.918823e+00 -1.676645e-01
1.958512e+00 -1.141824e-01
3.874157e-01 2.379640e-02
1.063218e+00 6.077894e-02
2.039978e+00 -1.351503e-01
2.854348e+00 -1.153892e+00
4.556709e-01 8.741654e-02
1.438466e+00 -8.392571e-01
2.925212e+00 -1.355951e+00
2.250585e+00 -8.653769e-01
1.117780e+00 -4.340161e-02
1.963928e+00 -6.112342e-02
1.548394e-01 -2.308707e-02
8.741933e-01 2.364146e-01
2.467698e+00 -1.015961e+00
3.027501e+00 -1.366453e+00
1.041922e+00 5.081342e-02
2.118146e+00 -6.418331e-01
7.461566e-01 2.181017e-01
1.456212e+00 -8.400294e-01
2.076260e-01 6.648408e-03
1.171281e-01 -1.364305e-02
2.070211e+00 -3.352419e-01
1.167974e+00 -2.219659e-01
1.075074e+00 3.767324e-02
1.484477e+00 -8.550389e-01
1.030812e+00 1.328662e-01
2.711620e+00 -4.489975e-01
2.965323e+00 -1.306686e+00
1.779733e+00 -4.380387e-01
1.779875e+00 -5.211305e-01
7.571913e-01 2.141578e-01
1.667857e+00 -7.933145e-01
2.564612e+00 -4.647698e-01
6.588007e-02 -5.926625e-02
2.844008e+00 -1.007179e+00
2.419483e+00 -1.158119e+00
1.989622e+00 -1.071709e-01
2.888242e+00 -1.227674e+00
2.426509e+00 -1.072121e+00
1.975708e+00 -1.209980e-01
9.607440e-01 2.127689e-01
2.042061e+00 -1.202451e-01
8.155729e-01 2.502809e-01
1.705645e-01 -2.565737e-02
3.471270e-01 4.309716e-03
5.725530e-01 6.545832e-02
8.492882e-01 2.211144e-01
2.960103e+00 -1.363274e+00
-2.453441e-02 1.446004e-02
1.075665e+00 2.898747e-02
1.278307e+00 -4.850856e-01
7.782036e-01 2.427306e-01
2.421956e+00 -1.003658e+00
1.516802e-01 -3.253307e-02
1.089259e+00 -2.412530e-02
5.600148e-02 -7.985578e-03
2.587430e+00 -4.925295e-01
2.109535e+00 -4.887629e-01
1.607725e+00 -9.153358e-01
1.985395e+00 -6.942208e-02
