2.443932e+00 -1.225878e+00
1.230470e+00 -5.595553e-01
2.663272e+00 -1.137254e+00
1.136821e-01 -3.223714e-01
3.340694e-01 1.457481e-01
2.507687e+00 -4.354927e-01
1.076837e+00 -3.835950e-01
2.626771e-01 -5.246437e-01
1.903182e+00 -1.305022e+00
4.520745e-01 3.171362e-01
1.165941e+00 4.676705e-01
2.996667e+00 -1.298190e+00
1.096772e+00 -1.244048e+00
1.949440e+00 -9.460830e-02
1.198786e+00 3.759675e-01
1.432627e+00 1.288372e-02
1.419393e+00 -9.171945e-02
1.278960e+00 -6.109805e-01
-1.489974e-02 -7.876320e-01
1.852501e+00 -4.575449e-01
1.898991e+00 -9.384386e-01
1.024021e-01 -1.571511e-01
3.540551e+00 -8.518562e-01
1.580557e+00 -6.859291e-01
2.684771e+00 -5.682947e-01
-2.573349e-02 -5.601281e-01
1.708886e-01 -2.572839e-02
2.110249e-01 1.532149e-01
1.786866e+00 -3.326252e-01
2.976224e-01 -1.071135e-01
8.920523e-01 -8.464328e-02
1.295771e+00 -8.760641e-02
1.987476e+00 -4.945241e-01
-8.398966e-02 -1.387119e-01
2.048794e+00 -4.871421e-01
1.680062e+00 -4.854598e-01
3.339142e+00 -1.474300e+00
1.581213e+00 -8.150374e-01
1.967709e+00 -1.303793e+00
2.130845e+00 -1.111523e-01
2.662168e+00 -9.984661e-01
1.325406e+00 6.092998e-01
2.751248e+00 -1.175937e+00
1.044694e+00 3.436665e-01
4.300905e-01 -1.938428e-01
8.465630e-01 2.493696e-01
6.030138e-01 1.800597e-01
5.541778e-01 -6.773400e-01
6.617089e-01 3.303286e-01
1.875872e+00 -1.383962e+00
7.135732e-01 1.332987e-01
2.455263e+00 -1.550685e+00
2.549483e+00 -1.339447e+00
2.209112e-01 4.204604e-01
6.797967e-01 8.453039e-02
-4.288704e-01 1.022259e-01
1.329623e+00 -8.966405e-01
1.796167e+00 -1.117368e+00
1.149165e+00 -1.278663e+00
-4.565945e-01 -1.448868e-01
1.343922e-01 4.135071e-01
2.374320e-01 -2.073444e-01
2.298235e+00 -9.120518e-01
3.392432e+00 -8.732891e-01
3.551005e-01 5.023241e-02
1.311511e+00 -3.053197e-01
2.474596e+00 -4.690949e-01
2.629587e+00 -9.402976e-01
3.219148e+00 -5.609939e-01
2.467871e+00 -9.347383e-01
8.620358e-01 -7.257322e-02
2.772172e+00 -1.429006e+00
6.667739e-01 -2.237300e-01
9.209997e-01 5.091907e-02
2.375072e+00 -5.159733e-01
2.243543e+00 -1.164120e+00
8.609507e-01 -2.343959e-01
3.381270e+00 -1.711732e+00
1.919141e+00 -1.051121e+00
1.559595e+00 -1.309257e+00
1.230860e+00 -4.750803e-01
4.695410e-01 5.478138e-01
3.047893e+00 3.008502e-02
-1.805930e-01 -2.612247e-01
1.760301e+00 -4.821302e-01
8.954179e-01 3.929780e-01
1.425817e+00 -5.994181e-01
1.913347e+00 -1.441458e+00
8.595350e-01 1.960178e-01
3.006082e+00 -1.084162e+00
7.994910e-01 -4.975408e-01
1.882597e+00 -6.427432e-02
2.127103e-01 -1.363429e-01
6.146859e-01 -7.551511e-02
1.371094e+00 -4.058274e-01
1.346983e+00 -2.376423e-01
9.524553e-01 -6.422531e-01
2.430915e+00 -8.355084e-01
5.838405e-01 6.276801e-02
1.013906e+00 -9.662496e-01
1.289530e+00 1.065497e-01
2.378724e+00 -1.074037e+00
1.269029e+00 -9.407408e-01
2.515924e+00 -1.133371e-01
1.092746e+00 9.982530e-02
2.360572e+00 -7.805231e-01
1.007369e+00 4.291905e-01
2.405053e+00 -1.506596e-01
1.029283e-01 -1.484966e-02
3.608595e-01 -1.097935e-01
2.486735e+00 -1.602339e+00
2.419259e+00 -1.025141e+00
2.466184e+00 -1.057008e+00
1.156088e+00 -9.541250e-03
5.499732e-01 5.866696e-01
1.567973e+00 -4.887260e-02
1.081813e+00 -5.479336e-01
2.461793e+00 -5.028449e-02
1.868535e+00 2.221022e-01
1.825600e+00 -1.015768e+00
2.269910e+00 -1.071655e-01
1.440423e-01 3.057310e-01
1.388529e+00 -9.436386e-01
1.072076e+00 -5.258616e-01
7.671506e-01 -3.295489e-01
1.093870e+00 -1.029308e+00
1.095837e+00 4.889394e-01
2.120149e+00 -3.201863e-01
2.083747e+00 -4.121956e-01
1.663312e+00 -6.097920e-01
1.002797e+00 2.534501e-01
2.083455e+00 -6.635878e-01
5.470071e-01 -2.417536e-01
1.563082e+00 -7.004146e-01
1.595082e+00 -8.855972e-01
2.306352e+00 -1.101345e+00
2.116700e+00 2.508883e-01
8.417040e-01 9.856196e-01
4.397758e-02 -6.912209e-01
1.848450e+00 -1.824485e+00
2.260755e+00 -9.427456e-01
1.134132e+00 -7.575848e-04
8.954061e-02 -5.120782e-01
1.467125e+00 -6.859423e-01
1.741256e+00 -9.025103e-01
2.512294e+00 -9.067477e-01
7.792210e-01 2.958040e-03
2.433411e+00 -1.174315e+00
1.911440e+00 -1.031412e+00
2.404364e+00 -1.009350e+00
5.288128e-01 -1.816869e-01
2.889795e+00 -1.481609e+00
2.771207e+00 -1.441112e+00
1.298243e+00 7.549732e-01
5.115133e-02 1.657382e-01
2.206899e+00 -6.268009e-01
-2.305486e-01 -2.543301e-01
1.192209e+00 -6.436784e-01
1.690649e+00 -7.025749e-01
4.284026e-01 -3.495641e-03
8.604767e-01 3.960176e-01
1.728859e+00 -7.243439e-01
1.562856e+00 -9.957279e-01
1.879872e+00 -1.142360e+00
5.688118e-01 1.150436e-01
1.260939e+00 -2.776992e-01
1.051194e+00 -8.047752e-01
3.611450e-01 3.625628e-01
2.166640e+00 -7.222902e-01
2.765313e+00 -5.457433e-01
1.730732e+00 9.121100e-03
9.470386e-01 -1.567716e-01
1.869010e+00 -2.319311e-01
2.183305e+00 -6.881620e-01
2.183987e+00 -4.134505e-01
4.886076e-01 5.952254e-01
2.948669e+00 -1.567590e+00
2.551056e+00 -1.075409e+00
1.636691e+00 -4.724736e-01
2.006672e+00 -1.599692e-01
2.930287e+00 -6.725383e-01
3.063409e-01 -2.975015e-01
1.446204e+00 -1.187654e-01
5.334685e-01 7.289976e-01
2.769330e+00 -2.836540e-01
2.676093e+00 -7.290058e-01
1.076144e+00 9.845284e-02
1.276518e+00 3.451421e-01
2.206055e+00 -9.376401e-01
2.426243e+00 -5.598580e-01
1.764709e+00 2.461092e-01
8.530593e-01 -8.794314e-03
8.403811e-01 -1.340209e-01
1.577277e+00 4.881695e-01
2.815734e+00 -1.024839e+00
6.093203e-01 5.284415e-01
1.288905e+00 -9.206759e-01
3.160611e+00 -1.883133e+00
2.689150e+00 -3.671226e-01
1.176476e+00 -2.909626e-01
2.207125e+00 -1.652667e-01
2.049860e-01 4.533445e-02
6.938791e-01 3.378245e-01
1.988698e+00 -1.710597e+00
3.077620e+00 -1.043587e+00
9.153386e-01 -1.292134e-01
2.367208e+00 -6.375898e-01
5.381797e-01 3.062373e-01
1.454597e+00 -1.263726e+00
1.793022e-01 3.812239e-02
-5.093084e-02 2.657393e-01
2.244389e+00 -4.114939e-01
1.237355e+00 -3.367607e-01
9.977323e-01 1.745575e-03
8.947510e-01 -8.521067e-01
1.128342e+00 8.805360e-01
2.864563e+00 -6.546710e-01
2.471008e+00 -1.665314e+00
1.646126e+00 -5.885544e-01
1.699687e+00 -6.537423e-01
6.972370e-01 1.011520e-01
1.684902e+00 -1.083935e+00
2.177270e+00 -5.544931e-01
1.908681e-01 -3.606299e-01
2.660932e+00 -1.097493e+00
2.340187e+00 -9.331764e-01
2.302157e+00 -4.789583e-02
3.248367e+00 -1.336996e+00
2.680635e+00 -1.292348e+00
2.084617e+00 9.984609e-02
9.642952e-01 -9.553036e-02
1.502992e+00 4.100130e-02
7.422908e-01 1.787350e-01
6.584408e-01 -3.139819e-01
5.665803e-01 -2.171708e-01
4.682268e-01 -2.333275e-01
6.293836e-01 3.679755e-01
3.375249e+00 -1.219128e+00
9.680334e-02 7.896178e-01
1.260382e+00 -2.637065e-01
7.651874e-01 -3.537316e-01
3.087365e-01 -8.617954e-02
2.553343e+00 -6.417990e-01
4.226257e-02 -3.960382e-01
1.076841e+00 -1.293873e-01
8.910400e-02 -3.857910e-01
2.311723e+00 -1.490271e-01
2.378153e+00 -1.595150e-01
1.062815e+00 -1.165591e+00
2.313026e+00 7.260189e-02
