2.248728e+00 -1.295222e+00
1.075944e+00 -3.083167e-01
1.835483e+00 -1.279258e+00
-1.186168e-01 -6.950980e-02
1.083475e-01 3.155666e-01
2.927652e+00 -1.914436e-01
1.180476e+00 -1.004073e-01
1.581828e-01 -6.962250e-01
2.585980e+00 -1.043103e+00
1.114992e+00 -3.907453e-02
1.569756e+00 -3.389345e-02
2.744352e+00 -7.593666e-01
1.599237e+00 -2.324522e-01
1.995958e+00 1.949559e-01
1.510208e+00 -1.273536e-01
1.913803e+00 -4.508441e-01
2.205902e+00 -6.228197e-01
1.899772e+00 -4.764813e-01
1.787677e-01 -2.843293e-01
1.160554e+00 3.918014e-01
1.270753e+00 -4.095754e-01
2.521940e-01 4.384910e-01
2.770152e+00 2.390999e-01
1.981816e+00 -7.275019e-01
2.635770e+00 -4.479642e-01
1.102937e+00 1.252332e-02
-3.815020e-01 7.368396e-02
-7.725367e-02 6.039141e-02
2.364037e+00 5.625659e-02
-2.129885e-01 -8.429990e-02
6.292746e-01 5.927290e-01
1.431494e+00 -4.470327e-01
2.284704e+00 -5.969471e-01
4.053132e-01 -1.349152e-01
2.009481e+00 -2.644077e-01
1.140331e+00 -3.311124e-01
2.666219e+00 -9.540569e-01
1.570402e+00 -8.203563e-01
1.739612e+00 -9.093194e-01
2.309421e+00 -4.045367e-01
3.344629e+00 -1.783949e+00
6.623947e-01 3.582499e-01
2.794708e+00 -1.068408e+00
1.434629e+00 -8.430067e-02
2.568180e-01 5.374403e-01
7.798674e-01 5.338634e-01
3.063707e-01 3.583788e-02
6.853306e-01 -8.005713e-02
1.019678e+00 3.720972e-01
1.464547e+00 -4.060863e-01
9.317414e-01 2.449497e-01
2.333600e+00 -1.029426e+00
1.992114e+00 -7.145532e-01
4.853123e-01 -2.192641e-01
-7.597514e-02 -5.161821e-02
1.002957e-01 6.001766e-02
1.264176e+00 1.696061e-02
1.238636e+00 -8.092982e-01
1.723991e+00 -7.511755e-01
5.640099e-01 -9.789936e-02
4.668179e-01 -2.292760e-01
5.001564e-01 -3.236738e-01
3.015816e+00 -3.187487e-01
3.155494e+00 -8.524718e-01
2.913121e-01 -3.957166e-01
1.030518e+00 -2.268784e-01
2.167748e+00 -2.069291e+00
2.460895e+00 -1.159207e+00
3.131364e+00 -6.254589e-01
2.477861e+00 -2.129887e-01
1.249210e+00 3.810205e-02
2.936035e+00 -5.698256e-01
9.149819e-01 -8.392617e-02
6.981594e-01 -6.486042e-01
1.372489e+00 -8.414572e-01
2.292018e+00 -1.583583e+00
-8.530377e-03 -3.830494e-01
2.267575e+00 -1.330387e+00
2.709671e+00 -1.204354e+00
2.014284e+00 -8.990392e-01
1.681159e+00 -5.875308e-01
1.033511e+00 -3.173801e-01
3.027652e+00 -3.533449e-01
5.290470e-01 -1.184625e-01
2.493154e+00 -1.895881e-01
6.433288e-01 5.986618e-01
8.236378e-01 -7.626745e-01
2.769727e+00 -9.265186e-01
1.160276e+00 -2.627475e-01
3.286013e+00 -1.477156e+00
1.405136e+00 -1.021916e+00
1.779322e+00 -3.680246e-01
5.479113e-01 1.441376e-01
1.758889e-02 8.854122e-02
1.698618e+00 -1.132278e+00
1.799452e+00 -1.689823e-01
9.787653e-01 -2.524984e-01
2.756035e+00 -2.892667e-01
1.231853e+00 1.613290e-01
1.232350e+00 -2.608036e-01
7.997773e-01 2.992683e-01
3.224558e+00 -6.203684e-01
1.866703e+00 -6.647788e-01
2.989902e+00 -3.616771e-01
4.197244e-01 1.047825e-01
2.990757e+00 -7.260842e-01
4.155679e-01 2.455679e-01
2.295042e+00 -5.899060e-01
2.732476e-01 -6.848738e-02
8.403744e-01 7.466919e-01
3.789279e+00 -9.986917e-01
2.552258e+00 -6.012901e-01
2.187027e+00 -1.991129e-01
1.290958e+00 -3.756172e-02
1.340907e+00 -5.436360e-01
1.556395e+00 -2.174310e-01
1.550842e+00 -7.287351e-01
2.664985e+00 1.102628e-01
2.466534e+00 -3.830480e-03
2.083666e+00 -7.158338e-01
1.978954e+00 4.748684e-01
5.175727e-02 2.136158e-01
1.841398e+00 -8.280253e-01
1.058088e+00 -6.711509e-01
4.836564e-01 6.564520e-01
2.042646e+00 -7.806848e-01
8.205908e-01 -3.689262e-01
1.587802e+00 2.689172e-01
2.105686e+00 -5.556131e-01
1.543765e+00 -1.167229e+00
4.347858e-01 -3.117827e-02
2.060409e+00 -7.609937e-01
8.420528e-01 -1.993627e-01
1.307523e+00 -3.217251e-01
2.012880e+00 -2.036370e+00
1.787281e+00 -1.028608e+00
2.062427e+00 -1.692981e-02
1.244939e+00 -1.733492e-01
-1.194654e-02 -2.496420e-01
2.211561e+00 -1.027597e+00
1.765464e+00 -1.675323e+00
9.990593e-01 2.922783e-01
7.143761e-01 -9.074233e-01
1.914559e+00 -1.335722e+00
1.635104e+00 1.519793e-01
2.566287e+00 -1.430683e+00
1.253991e+00 3.467390e-01
2.804438e+00 -1.183459e+00
1.907274e+00 -5.009117e-02
3.010669e+00 -9.872989e-01
1.385297e+00 5.389557e-01
3.263111e+00 -1.426686e+00
2.378687e+00 -1.430758e+00
5.860526e-01 4.677852e-01
5.851306e-01 7.029944e-01
1.978806e+00 -4.061399e-01
4.910960e-01 -3.657981e-01
1.915078e+00 -6.213717e-01
1.783463e+00 9.336981e-01
-6.667052e-03 -4.737379e-01
7.572257e-01 2.811318e-01
7.178064e-01 -3.966040e-01
2.440008e+00 -1.460660e+00
1.799462e+00 -3.131535e-01
6.760509e-01 8.690853e-01
1.375332e+00 -1.877530e-01
1.449115e+00 -1.105991e+00
1.390743e+00 3.997255e-02
1.964502e+00 -1.154854e+00
2.304407e+00 -1.329399e+00
2.188959e+00 -5.573933e-01
8.379020e-01 -3.295846e-02
9.966089e-01 -9.126935e-01
2.529543e+00 -2.167508e+00
2.878196e+00 -1.061983e+00
1.858420e-02 -4.882391e-01
2.950756e+00 -5.176687e-01
2.182183e+00 -7.684437e-01
1.998037e+00 -1.924582e-01
1.793430e+00 -9.491388e-02
2.550434e+00 -2.083237e-01
4.733918e-01 -6.525627e-02
1.512641e+00 1.496642e-01
-1.638122e-02 4.052044e-01
3.430892e+00 -2.687301e-01
2.433980e+00 -4.575778e-01
6.835932e-01 -2.198153e-01
9.345913e-01 7.318420e-02
2.459053e+00 -1.100548e+00
2.696235e+00 -5.107472e-01
1.999895e+00 -3.977694e-01
1.825748e-01 -7.503934e-02
1.136657e+00 3.896179e-01
1.840347e+00 -7.161349e-01
3.395790e+00 -1.550035e+00
3.659307e-01 8.995926e-02
1.379016e+00 -1.363213e+00
3.239227e+00 -2.425830e+00
2.609271e+00 -4.549601e-01
1.452531e+00 -1.189151e-01
1.993126e+00 -3.670624e-01
1.876813e-01 2.229781e-01
4.708976e-01 1.778008e-01
2.256206e+00 -5.724977e-01
2.597651e+00 -1.122913e+00
1.053957e+00 -1.067961e-03
2.422346e+00 -7.809262e-01
7.539445e-01 6.449295e-01
1.149605e+00 -7.707644e-01
5.567639e-01 1.635178e-01
6.142036e-01 -6.798241e-02
2.356415e+00 1.044577e-01
5.362054e-01 -3.787049e-01
1.215102e+00 4.189071e-01
1.538474e+00 -3.159101e-01
8.213292e-01 -3.641292e-01
3.038127e+00 -4.963365e-01
2.652923e+00 -6.715771e-01
2.092190e+00 -1.853542e-01
2.394667e+00 -6.799909e-01
1.320061e+00 3.952872e-01
1.449231e+00 -8.066080e-01
2.640257e+00 -4.673467e-02
-4.701644e-01 -6.956308e-01
2.531909e+00 -1.078605e+00
2.671607e+00 -1.345114e+00
2.173496e+00 5.085018e-01
2.210732e+00 -1.275654e+00
3.363766e+00 -1.379495e+00
1.674267e+00 1.033821e-01
7.402829e-01 6.231741e-01
2.986767e+00 -1.024951e-01
1.894631e+00 6.499183e-02
1.280310e-01 -3.949927e-01
1.615229e-01 -8.157406e-02
6.846469e-01 -3.826655e-01
6.583967e-01 4.791550e-02
3.322593e+00 -1.304923e+00
4.755541e-02 3.187603e-02
4.062071e-01 6.525557e-01
9.262780e-01 -1.241384e-01
6.569409e-01 -1.419399e-02
2.866364e+00 -1.429710e+00
-3.017105e-01 3.927971e-02
1.195267e+00 2.745653e-01
3.320769e-01 -4.006553e-02
2.611981e+00 -5.229844e-01
2.695123e+00 -9.033824e-01
1.648810e+00 -5.907764e-01
2.438732e+00 -3.714368e-01
