2.428555e+00 -1.268224e+00
9.989644e-01 -5.624173e-01
2.436060e+00 -1.302981e+00
2.303032e-01 1.913906e-01
1.373729e-01 1.258802e-02
2.773372e+00 -4.675566e-01
9.971536e-01 8.295317e-02
2.453731e-01 3.705792e-03
2.304811e+00 -1.000304e+00
7.122029e-01 2.445280e-01
1.261542e+00 2.819031e-01
3.304423e+00 -1.448942e+00
1.827730e+00 -1.048661e+00
2.219755e+00 -2.150330e-01
1.098672e+00 -1.483261e-02
1.648791e+00 -4.979812e-01
1.758995e+00 -3.925725e-01
1.659521e+00 -5.969815e-01
4.069860e-01 2.005881e-01
1.680431e+00 -6.113224e-01
1.624188e+00 -6.992351e-01
3.646502e-01 1.341871e-01
2.767854e+00 -5.862176e-01
1.395138e+00 -7.397977e-01
2.612437e+00 -9.226673e-01
1.015868e-01 -1.399521e-02
4.215174e-03 -3.222556e-02
-2.192725e-03 -2.486462e-01
1.925114e+00 -5.023446e-03
-3.373261e-02 -1.492804e-01
9.243102e-01 1.775737e-01
1.361563e+00 9.298943e-02
1.496625e+00 -6.694766e-01
2.789675e-01 1.495226e-01
1.635768e+00 -3.998450e-01
1.826703e+00 -7.500171e-01
2.844426e+00 -1.556353e+00
1.861425e+00 -1.153061e+00
1.646447e+00 -1.042811e+00
2.176390e+00 -2.846612e-01
3.332464e+00 -1.321696e+00
1.103460e+00 1.647692e-02
2.365378e+00 -1.195216e+00
1.122082e+00 3.008845e-01
7.928605e-01 2.904203e-01
8.264616e-01 1.104497e-02
1.014692e+00 7.707071e-02
-1.166504e-04 2.280614e-01
7.535348e-01 1.900401e-01
1.500174e+00 -9.375118e-01
8.295081e-01 2.700316e-01
2.180239e+00 -1.011553e+00
2.452343e+00 -1.173502e+00
2.384020e-01 4.397151e-02
2.082930e-01 1.779093e-01
3.793955e-02 2.340414e-01
1.217387e+00 -4.086122e-01
1.507734e+00 -8.423928e-01
1.565097e+00 -1.015938e+00
2.327361e-01 -1.074316e-01
4.841599e-01 -1.817126e-02
4.434966e-01 -3.071282e-02
2.978995e+00 -6.815498e-01
3.001901e+00 -1.384110e+00
2.403185e-01 2.838124e-01
9.914944e-01 2.620782e-02
2.411758e+00 -1.230308e+00
2.595592e+00 -1.350801e+00
3.062656e+00 -7.404334e-01
2.509282e+00 -6.042855e-01
5.708958e-01 1.007931e-01
2.806468e+00 -1.132503e+00
9.765712e-01 5.423528e-01
1.176767e+00 -4.394860e-02
2.097558e+00 -9.099310e-01
2.269230e+00 -1.233640e+00
4.046302e-01 6.696318e-02
2.916977e+00 -1.351256e+00
2.151563e+00 -1.293727e+00
1.321644e+00 -1.002562e+00
1.481992e+00 -4.548322e-01
8.908074e-01 1.556167e-01
2.870732e+00 -4.955416e-01
2.288650e-01 -2.712724e-01
1.637325e+00 -1.498427e-01
9.658068e-01 5.654752e-02
1.401613e+00 -1.456973e-01
2.202116e+00 -1.015575e+00
1.152579e+00 -4.902732e-01
2.752271e+00 -1.229837e+00
1.201606e+00 -5.028163e-01
1.841270e+00 -2.540581e-01
1.349603e-01 7.153388e-02
1.378588e-01 -1.409672e-01
1.196621e+00 -5.193579e-01
1.958439e+00 -2.408446e-01
1.352655e+00 -6.898622e-01
2.457402e+00 -7.974046e-01
3.117818e-01 1.217763e-01
1.448747e+00 -8.182293e-01
8.946175e-01 1.170130e-02
2.810589e+00 -1.197396e+00
1.186002e+00 -7.660622e-01
2.773442e+00 -4.023232e-01
2.515789e-01 -1.534916e-01
2.713518e+00 -7.977528e-01
1.214740e+00 3.349770e-01
2.050349e+00 -5.487987e-01
2.450403e-01 -1.239821e-01
7.335534e-01 -6.536078e-02
3.099873e+00 -1.370399e+00
2.820038e+00 -7.751766e-01
1.938323e+00 -6.228891e-01
1.016422e+00 -1.499308e-01
8.673202e-01 1.808526e-01
1.526170e+00 -5.171154e-01
1.757832e+00 -8.141660e-01
2.734637e+00 -5.333753e-01
2.008062e+00 6.346635e-02
1.544777e+00 -8.944665e-01
1.891485e+00 -1.707503e-01
4.377541e-01 3.509307e-01
1.585492e+00 -6.676626e-01
1.249625e+00 -7.146926e-01
1.055598e+00 1.324074e-01
1.378431e+00 -9.801568e-01
9.447322e-01 9.212623e-02
2.074353e+00 -3.484037e-01
2.002325e+00 -5.902088e-02
1.636458e+00 -1.091382e+00
9.309999e-01 1.594604e-01
2.474509e+00 -7.943907e-01
3.806246e-01 1.835134e-01
8.958607e-01 -3.388033e-01
2.207729e+00 -1.216357e+00
2.171457e+00 -5.551535e-01
1.833435e+00 -4.399805e-01
6.050310e-01 3.830344e-01
6.104330e-02 -8.395915e-02
2.411787e+00 -1.121991e+00
1.767003e+00 -1.246448e+00
4.847686e-01 3.097306e-01
2.010858e-01 1.794665e-01
1.554765e+00 -8.825276e-01
2.000585e+00 -3.428076e-01
2.221138e+00 -1.082466e+00
8.442060e-01 2.470300e-01
2.775532e+00 -1.364652e+00
2.233156e+00 -2.458055e-01
3.028795e+00 -7.196236e-01
6.304639e-01 2.624338e-01
2.944648e+00 -1.187428e+00
3.088651e+00 -1.394772e+00
6.763594e-01 4.988584e-03
6.108032e-01 3.209821e-01
2.516113e+00 -2.601953e-01
3.272405e-01 -7.844072e-02
1.284149e+00 -7.571678e-01
2.029226e+00 3.004242e-01
5.911900e-01 2.524336e-01
6.797739e-01 -5.810730e-02
1.353319e+00 -8.103303e-01
1.378301e+00 -5.384464e-01
1.901340e+00 -8.271033e-01
2.251692e-02 -1.256836e-01
1.474810e+00 -1.010477e+00
1.280761e+00 -7.375274e-01
5.511609e-01 2.806687e-01
1.554834e+00 -8.219404e-01
2.765599e+00 -9.723590e-01
1.823983e+00 -2.301348e-01
1.229519e+00 2.318448e-01
1.340036e+00 -4.852120e-01
2.448699e+00 -8.378676e-01
2.493193e+00 -6.280030e-01
3.268360e-01 3.524301e-01
2.835306e+00 -1.264696e+00
2.264607e+00 -1.036337e+00
1.729448e+00 -4.349120e-01
2.412972e+00 -7.011242e-01
2.574023e+00 -3.936742e-01
6.303491e-01 -1.852711e-01
9.898067e-01 -6.613209e-02
5.802256e-01 1.948553e-01
2.541078e+00 -2.095497e-01
2.595660e+00 -1.300263e-01
9.145750e-01 4.947717e-01
7.984927e-01 3.895490e-01
2.163320e+00 -6.756845e-01
2.089759e+00 -5.732182e-01
2.014338e+00 4.342696e-02
5.919439e-01 -1.425456e-01
1.145721e+00 1.057471e-01
2.086660e+00 1.746747e-02
3.035138e+00 -1.267311e+00
5.018749e-01 7.462330e-02
1.382971e+00 -8.341273e-01
2.932425e+00 -1.417007e+00
2.359609e+00 -7.155478e-01
9.771965e-01 1.974875e-01
1.819853e+00 2.862204e-02
3.583718e-01 -3.656960e-02
7.763883e-01 1.418706e-01
2.496593e+00 -7.352178e-01
2.710752e+00 -1.352078e+00
1.061324e+00 -2.108426e-02
2.154358e+00 -7.125005e-01
9.001423e-01 4.129731e-01
1.465844e+00 -8.976168e-01
1.390825e-01 -5.045799e-03
3.917167e-01 -3.680414e-02
1.968642e+00 -3.852653e-01
1.308944e+00 -3.277215e-01
1.062210e+00 1.308065e-01
1.347214e+00 -1.125262e+00
8.689482e-01 -1.134198e-02
2.693875e+00 -4.456221e-01
3.103215e+00 -1.521948e+00
1.902649e+00 -4.949405e-01
1.505457e+00 -5.269910e-01
9.662561e-01 3.645352e-01
1.667752e+00 -6.350154e-01
2.596322e+00 -3.335157e-01
-1.929004e-01 -2.011789e-01
2.948413e+00 -8.212956e-01
2.455572e+00 -1.241160e+00
1.883233e+00 -1.640193e-01
3.055493e+00 -1.273978e+00
2.577338e+00 -1.004428e+00
2.249942e+00 -6.979272e-02
9.394505e-01 3.682688e-01
1.881195e+00 -1.982435e-01
5.749273e-01 5.348832e-02
4.819128e-01 8.319619e-02
1.314658e-01 1.907443e-01
4.176374e-01 1.994446e-01
9.541400e-01 4.896186e-01
2.893451e+00 -1.461448e+00
-4.013624e-01 -1.885997e-02
1.195406e+00 1.550121e-01
1.474864e+00 -4.277971e-01
8.204752e-01 2.344901e-01
2.565438e+00 -1.104311e+00
-8.044172e-02 -1.464467e-01
1.154285e+00 -2.401037e-01
-4.236762e-02 -1.032111e-01
2.688512e+00 -3.673157e-01
2.152738e+00 -4.527223e-01
1.707087e+00 -9.454339e-01
1.924469e+00 1.194820e-01
