2.340414e+00 -9.238894e-01
1.118873e+00 1.618324e-01
2.022372e+00 -1.150362e+00
1.976636e-01 -1.998466e-02
1.480182e-02 -2.714066e-03
2.562691e+00 3.849457e-03
1.502097e+00 -1.192214e-01
-1.549650e-01 6.167731e-02
2.367401e+00 -1.121797e+00
7.747547e-01 5.087717e-01
1.278125e+00 1.684615e-01
3.148824e+00 -1.301736e+00
1.230413e+00 -5.360355e-01
1.954088e+00 -3.469644e-01
8.382981e-01 -2.378908e-01
1.482988e+00 -3.504567e-01
1.839269e+00 -2.108986e-02
1.946004e+00 -6.168753e-01
5.972546e-01 1.284420e-01
1.761594e+00 -4.484761e-01
1.696356e+00 -1.193293e+00
3.203747e-01 -1.680921e-01
2.825101e+00 -4.086442e-01
1.930936e+00 -9.924593e-01
2.358820e+00 -6.990207e-01
-1.168820e-01 1.151358e-01
1.104142e-01 -1.390014e-01
4.336311e-01 -4.659082e-01
2.045194e+00 -2.726068e-01
2.143826e-01 2.483304e-01
4.987809e-01 4.444263e-02
1.125421e+00 -5.884596e-01
1.356166e+00 -6.390657e-01
6.824441e-04 -1.593984e-01
1.648050e+00 -4.380948e-01
1.729830e+00 -5.532818e-01
2.970512e+00 -1.047068e+00
1.409798e+00 -8.083596e-01
2.057175e+00 -1.344590e+00
1.628428e+00 1.788542e-01
2.993170e+00 -1.526401e+00
7.472783e-01 1.237967e-01
2.417444e+00 -1.145852e+00
5.792046e-01 1.599303e-01
5.749461e-01 3.656695e-01
4.728621e-01 2.377097e-01
1.339516e+00 -6.700131e-02
-1.736991e-01 -2.418799e-02
-2.428001e-01 -2.732916e-01
1.650444e+00 -9.988328e-01
1.057593e+00 1.825230e-01
2.286472e+00 -1.369258e+00
2.349872e+00 -1.355950e+00
2.777692e-01 -2.296076e-01
1.281453e-01 -1.073258e-01
1.110067e-01 3.332932e-02
1.365975e+00 -4.673987e-01
1.684237e+00 -3.753569e-01
1.943237e+00 -1.236762e+00
-2.855294e-02 3.888579e-01
5.544011e-01 1.415078e-02
2.761622e-01 7.039235e-02
2.849662e+00 -9.073527e-01
2.933695e+00 -1.489331e+00
5.086677e-01 -1.052362e-01
7.893518e-01 3.666882e-01
2.343489e+00 -7.954879e-01
1.928654e+00 -1.515469e+00
2.914597e+00 -8.576628e-01
2.268399e+00 -2.962421e-01
6.946446e-01 5.156802e-01
2.842650e+00 -1.415702e+00
6.271368e-01 5.660377e-01
1.064468e+00 1.585718e-01
2.507217e+00 -6.719676e-01
2.306532e+00 -1.300007e+00
3.428244e-01 3.504592e-01
2.589256e+00 -1.211539e+00
2.491092e+00 -1.438469e+00
1.358212e+00 -1.122571e+00
1.516252e+00 -3.745438e-01
3.216592e-01 3.862895e-01
2.821476e+00 -2.170682e-01
1.375150e-01 2.080196e-01
2.095057e+00 -7.898628e-01
9.846882e-01 9.761570e-02
1.098740e+00 -4.373849e-01
2.311936e+00 -1.368531e+00
1.292992e+00 -1.547973e-01
3.171565e+00 -1.519958e+00
1.164710e+00 -8.092032e-01
1.654369e+00 -6.287162e-01
4.438683e-01 2.637088e-01
2.407593e-01 -4.108237e-02
1.432993e+00 -5.622207e-01
1.870846e+00 -3.239773e-01
1.539230e+00 -1.230912e+00
2.010346e+00 -4.320001e-01
3.424055e-01 2.527111e-01
1.196847e+00 -2.250294e-01
9.963185e-01 2.261150e-01
2.712880e+00 -1.160235e+00
9.000151e-01 -3.696560e-01
2.808270e+00 -3.753858e-01
4.769320e-02 3.457118e-01
2.805991e+00 -5.443557e-01
9.688231e-01 -7.603717e-02
2.392140e+00 -4.653936e-01
5.987061e-02 8.375093e-02
1.142330e+00 3.626175e-01
2.498315e+00 -1.699388e+00
2.952223e+00 -8.561098e-01
1.876841e+00 -3.713890e-01
9.586305e-01 -3.924239e-01
8.479808e-01 -1.881280e-01
1.425457e+00 -9.782421e-01
1.361404e+00 -9.400643e-01
2.590498e+00 -1.373992e-01
2.122911e+00 -1.248373e-01
1.734900e+00 -1.155997e+00
2.161099e+00 -1.551981e-01
4.881716e-01 2.948121e-01
1.604664e+00 -6.975472e-01
1.324860e+00 -5.695606e-01
9.509807e-01 2.730440e-01
9.267121e-01 -6.554618e-01
4.879725e-01 2.629943e-02
1.968143e+00 -7.926927e-01
2.142475e+00 -6.843640e-01
1.293048e+00 -1.200484e+00
7.272371e-01 -3.267735e-01
2.965073e+00 -9.717102e-01
1.830446e-01 -5.656274e-02
1.240403e+00 -4.065238e-01
1.996264e+00 -1.363916e+00
2.471460e+00 -1.062580e+00
1.527268e+00 -2.048832e-01
2.971271e-01 1.132338e-02
7.327072e-03 -2.965323e-01
2.302537e+00 -1.051533e+00
1.404281e+00 -9.638657e-01
3.276370e-01 2.053553e-01
1.547871e-02 6.390276e-02
1.647978e+00 -3.870120e-01
1.389820e+00 2.300995e-01
2.491429e+00 -7.282195e-01
1.160740e+00 -2.042465e-02
3.121190e+00 -1.528773e+00
2.033607e+00 -4.829144e-01
2.701854e+00 -9.683636e-01
7.399156e-01 4.161203e-01
2.537644e+00 -1.670100e+00
3.234879e+00 -1.110917e+00
8.265100e-01 3.345512e-01
8.698262e-01 2.293328e-01
2.785883e+00 -1.016395e-01
3.232635e-01 -6.827577e-02
1.653798e+00 -4.180886e-01
1.748203e+00 -2.027466e-01
7.739430e-03 1.557048e-01
8.149929e-01 -1.291618e-01
1.331710e+00 -2.794014e-01
1.396008e+00 -9.799094e-01
2.072229e+00 -6.879570e-01
8.760133e-02 1.926668e-01
1.828291e+00 -1.010377e+00
1.503936e+00 -1.221690e+00
4.489390e-01 1.034525e-01
1.565214e+00 -1.111451e+00
2.712300e+00 -8.633271e-01
1.674245e+00 -2.069742e-01
1.197262e+00 7.732362e-02
1.123118e+00 -1.170861e-01
2.502854e+00 -1.191600e+00
2.703445e+00 -4.954913e-01
3.370323e-01 6.317456e-02
2.775835e+00 -8.509700e-01
2.398605e+00 -1.453136e+00
2.244586e+00 -5.507210e-01
2.598191e+00 -5.445097e-01
2.740254e+00 -3.405360e-01
1.193989e+00 4.328411e-02
9.850895e-01 -2.375432e-01
8.364802e-01 2.415683e-01
2.853784e+00 -1.591872e-01
2.815480e+00 -3.628071e-01
1.065109e+00 4.158152e-01
9.875777e-01 2.139880e-01
2.412197e+00 -8.460973e-01
1.985553e+00 1.922709e-01
1.995026e+00 -2.520717e-01
6.969180e-02 6.110623e-02
9.776179e-01 2.704813e-01
2.400597e+00 -3.795022e-01
2.649029e+00 -1.174748e+00
2.700784e-01 1.516678e-02
1.290192e+00 -1.054428e+00
3.101239e+00 -1.308642e+00
2.666441e+00 -8.197824e-01
1.409531e+00 -1.751732e-01
1.764767e+00 4.269629e-01
1.476018e-02 -2.501889e-01
6.168639e-01 6.899531e-01
2.376387e+00 -9.331019e-01
3.000997e+00 -1.540732e+00
1.003422e+00 2.503581e-01
1.872269e+00 -4.693706e-01
1.057838e+00 2.817691e-01
1.772640e+00 -1.205584e+00
-2.261722e-01 3.964664e-02
-2.618081e-02 1.896596e-01
2.020050e+00 -2.902748e-01
1.215360e+00 -1.929688e-01
9.370311e-01 -2.676416e-01
1.390887e+00 -5.125910e-01
8.835372e-01 -2.997018e-02
2.766034e+00 -7.347716e-01
3.220497e+00 -1.597477e+00
1.731475e+00 1.700360e-01
1.499074e+00 -1.756580e-01
7.979156e-01 2.950244e-01
1.484946e+00 -6.121809e-01
2.479667e+00 -7.561624e-01
4.056985e-01 -1.063317e-01
2.392806e+00 -1.116678e+00
2.586915e+00 -1.010952e+00
1.856999e+00 -3.513175e-01
2.545564e+00 -1.228062e+00
2.456413e+00 -9.321634e-01
1.957085e+00 -1.427123e-01
8.800517e-01 2.402664e-01
1.989405e+00 9.373994e-02
9.015308e-01 2.675575e-01
1.833912e-01 -2.466889e-01
3.369144e-01 -1.436468e-01
6.063642e-01 5.317583e-02
1.259674e+00 -6.299817e-02
2.229986e+00 -1.286175e+00
-1.523852e-01 3.806055e-02
7.900539e-01 4.838663e-01
1.194241e+00 -6.411749e-01
1.198476e+00 4.259544e-01
2.792803e+00 -1.005497e+00
1.420864e-01 -1.653503e-01
9.510076e-01 5.053726e-02
-3.580957e-02 5.199796e-01
2.773445e+00 -1.434722e-02
1.607282e+00 -6.548096e-02
1.064081e+00 -1.193510e+00
1.585209e+00 -5.268921e-02
