2.056537e+00 -9.129806e-01
9.998997e-01 1.735131e-01
2.083657e+00 -8.373706e-01
5.492832e-01 1.657312e-01
6.374986e-01 -8.137647e-02
2.709116e+00 -2.379160e-01
1.290147e+00 -5.716610e-01
2.079870e-01 2.429128e-01
2.188243e+00 -5.591751e-01
6.852554e-01 3.315615e-01
1.543511e+00 7.974688e-02
3.428281e+00 -1.187146e+00
1.632843e+00 -1.150893e+00
2.261406e+00 -3.018562e-01
1.053098e+00 3.601405e-01
1.668815e+00 -4.066522e-01
1.865134e+00 -2.130307e-01
1.620492e+00 -1.146316e+00
6.086320e-01 2.496715e-01
1.632685e+00 -5.514876e-01
1.830006e+00 -1.041713e+00
3.610861e-01 -2.542892e-01
2.524543e+00 -8.435916e-01
1.236454e+00 -1.039865e+00
2.773919e+00 -1.111697e+00
1.372325e-01 -8.083033e-02
5.415217e-01 2.120870e-01
-1.993838e-01 -1.901638e-01
1.910913e+00 -3.085528e-01
2.908430e-01 4.581158e-02
9.871012e-01 3.895012e-01
7.582475e-01 -1.022328e-01
1.375906e+00 -5.547274e-01
-6.413246e-01 9.842608e-02
1.996463e+00 -6.048534e-01
1.030507e+00 -9.921017e-01
2.928148e+00 -1.344889e+00
1.070696e+00 -7.840875e-01
1.860251e+00 -6.758120e-01
2.385883e+00 -4.922311e-01
3.203963e+00 -1.662187e+00
1.255172e+00 -8.877141e-02
2.490992e+00 -7.185429e-01
1.132553e+00 -3.588491e-02
3.696208e-01 4.434251e-01
1.128010e+00 3.484028e-01
5.539501e-01 2.212550e-01
1.353772e-01 -2.852770e-02
1.869568e-01 3.882686e-01
2.139364e+00 -5.287056e-01
1.531134e-01 5.864676e-01
2.538207e+00 -1.397753e+00
1.843500e+00 -1.099260e+00
4.222655e-01 -3.285625e-01
7.884062e-01 4.085498e-01
1.431048e-01 -4.126565e-01
1.127126e+00 -2.871413e-02
1.884726e+00 -9.934957e-01
1.442116e+00 -1.148294e+00
1.285975e-01 -1.645418e-01
2.453499e-01 1.864070e-02
3.607385e-01 3.419178e-01
2.257682e+00 -4.136150e-01
2.748668e+00 -7.948060e-01
6.701291e-01 2.359814e-01
1.062407e+00 6.315052e-01
2.351005e+00 -7.492718e-01
2.220042e+00 -9.526169e-01
3.372020e+00 -1.095559e+00
2.693623e+00 -7.809135e-01
1.032318e+00 7.962246e-01
2.579528e+00 -1.112117e+00
5.372926e-01 1.979366e-01
1.322295e+00 -1.642405e-01
2.643285e+00 -5.076629e-01
1.963075e+00 -1.106877e+00
6.966564e-01 1.517603e-01
2.961973e+00 -1.353396e+00
2.419773e+00 -1.002211e+00
8.374222e-01 -8.196514e-01
1.631894e+00 -8.242709e-01
8.414951e-01 3.389645e-01
2.942182e+00 -3.521780e-01
2.627471e-01 -3.685646e-01
1.509615e+00 -2.683909e-01
9.275037e-01 -3.155203e-01
1.340448e+00 -7.107286e-01
3.077891e+00 -1.710183e+00
1.147846e+00 -4.010525e-01
3.236411e+00 -1.492040e+00
1.630347e+00 -3.520908e-01
1.481488e+00 -6.545726e-01
2.361731e-01 -7.856428e-03
8.873487e-02 1.959322e-01
1.386326e+00 -7.372750e-01
1.590252e+00 -4.951522e-01
1.437446e+00 -6.730097e-01
3.146324e+00 -6.786070e-01
4.461911e-01 -5.077359e-01
9.413681e-01 -9.632684e-01
8.691738e-01 -3.264102e-01
2.473716e+00 -7.454418e-01
1.059879e+00 -5.705288e-01
2.891012e+00 -1.138860e-01
4.087182e-01 1.118224e-01
3.073765e+00 -5.887693e-01
1.280168e+00 -4.575938e-01
2.128851e+00 -5.568718e-01
6.804372e-02 1.663015e-02
8.236202e-01 4.408613e-01
2.748362e+00 -1.407063e+00
3.209550e+00 -2.977093e-01
2.175798e+00 -6.517605e-01
7.272951e-01 -3.168352e-01
7.958898e-01 -4.108244e-02
1.755619e+00 -6.961347e-01
1.051426e+00 -9.247661e-01
2.869534e+00 -4.503772e-01
2.497386e+00 -2.168811e-01
1.310327e+00 -1.866649e-01
1.578499e+00 -2.844421e-01
7.057440e-01 4.857363e-01
1.984117e+00 -1.053168e+00
1.837133e+00 -5.038909e-01
8.268689e-01 -1.699391e-01
1.438779e+00 -1.635788e-01
1.005604e+00 8.500755e-01
2.106203e+00 -6.881015e-01
2.524773e+00 -6.384864e-01
1.341091e+00 -8.741401e-01
1.041106e+00 3.563573e-01
2.618505e+00 -9.632955e-01
9.897038e-01 -6.401459e-02
9.315966e-01 -1.766473e-01
2.294851e+00 -1.074487e+00
2.408336e+00 -7.814568e-01
2.564124e+00 -3.227804e-02
6.256209e-01 4.065428e-01
2.821476e-01 3.582205e-02
1.954010e+00 -1.411065e+00
1.916174e+00 -1.311521e+00
4.962971e-01 2.069092e-01
7.940258e-01 -1.201383e-01
1.817789e+00 -9.838044e-01
1.156850e+00 -3.934603e-01
2.289753e+00 -1.039238e+00
7.506811e-01 4.521752e-02
3.323629e+00 -1.469860e+00
1.480733e+00 -5.385667e-02
3.123510e+00 -9.275089e-01
4.502061e-01 1.703737e-01
3.032502e+00 -9.320202e-01
3.121091e+00 -1.124871e+00
5.560968e-01 -4.530921e-01
9.783256e-01 -9.803836e-02
2.605657e+00 -5.484412e-02
3.537128e-01 2.254681e-01
2.298562e+00 -7.961412e-01
1.733056e+00 -5.335330e-01
6.322820e-01 7.580411e-02
5.284891e-01 5.606391e-01
1.564217e+00 -6.415887e-01
2.136536e+00 -6.104350e-01
1.425666e+00 -3.349654e-01
4.539115e-01 5.952996e-01
1.841284e+00 -8.169954e-01
1.600831e+00 -1.263551e+00
5.042731e-01 2.458878e-01
1.135226e+00 -8.225553e-01
2.578304e+00 -9.515649e-01
2.126981e+00 -3.092470e-01
1.060682e+00 2.638600e-01
1.021754e+00 -3.530979e-01
2.728535e+00 -7.099877e-01
3.121309e+00 -6.802975e-01
-1.110166e-01 -1.221789e-01
3.133628e+00 -1.113001e+00
1.813651e+00 -1.443856e+00
2.213995e+00 -2.989502e-01
2.035824e+00 -1.516073e-01
3.475350e+00 -7.483469e-03
7.584850e-01 2.669561e-01
1.402916e+00 4.894819e-01
5.444105e-01 1.400101e-01
2.598482e+00 -1.688745e-01
3.102830e+00 -1.841812e-01
1.090314e+00 4.313192e-01
1.013542e+00 2.214037e-02
2.247392e+00 -1.093066e+00
1.720845e+00 -3.502133e-02
1.798996e+00 4.477954e-01
4.366179e-01 4.417258e-01
6.836417e-01 -2.878603e-01
1.988628e+00 1.486570e-01
2.714615e+00 -1.199063e+00
7.620396e-01 -4.795556e-02
1.191618e+00 -6.000433e-01
2.511816e+00 -1.438809e+00
2.261436e+00 -7.472383e-01
1.347077e+00 2.933339e-01
1.851915e+00 1.812080e-01
3.127448e-01 1.939692e-01
7.078284e-01 4.297054e-01
2.396489e+00 -1.015556e+00
3.014204e+00 -7.331585e-01
8.000783e-01 4.041889e-01
2.595587e+00 -3.834943e-01
5.530337e-01 7.205507e-01
1.353020e+00 -6.703094e-01
2.493123e-01 -1.293330e-01
2.785472e-01 5.425792e-01
2.171461e+00 2.679301e-01
1.140939e+00 -1.968365e-01
6.995286e-01 -1.074775e-01
1.377982e+00 -9.593142e-01
7.415834e-01 -1.110805e-01
2.642222e+00 -9.630543e-02
2.530986e+00 -1.962514e+00
1.272658e+00 -6.935218e-01
1.964380e+00 -6.359195e-01
6.578284e-01 1.143450e-01
1.115844e+00 -5.454536e-01
2.960646e+00 -5.813354e-01
8.197836e-02 2.188828e-02
2.518711e+00 -1.184635e+00
2.928705e+00 -1.167756e+00
2.077866e+00 -3.248144e-01
2.744459e+00 -1.028711e+00
2.168294e+00 -6.163191e-01
1.507973e+00 -2.897809e-01
5.029270e-01 6.009270e-01
2.010602e+00 -2.175578e-01
9.462090e-01 6.613414e-01
2.582276e-01 3.221442e-01
2.489799e-01 -2.768819e-01
5.928562e-01 -1.059056e-01
1.066862e+00 1.170715e-01
2.948747e+00 -2.022534e+00
-3.542237e-02 -7.336956e-02
1.435496e+00 2.867482e-01
1.294270e+00 -9.603994e-01
6.126883e-01 5.734792e-01
2.399785e+00 -1.284203e+00
4.763752e-01 -5.091902e-01
1.088360e+00 1.223851e-01
9.043518e-02 -3.854728e-01
2.292481e+00 -6.757230e-01
2.377506e+00 -4.692245e-01
1.520205e+00 -7.682178e-01
1.780788e+00 1.104926e-01
