1.905999e+00 -1.274892e+00
1.248168e+00 -3.639978e-01
2.536211e+00 -9.071649e-01
1.661193e-01 -2.553270e-02
2.093446e-01 -1.074854e-01
2.481158e+00 -3.206441e-01
1.232371e+00 -6.483875e-02
3.059777e-01 -3.135688e-01
2.302763e+00 -1.211599e+00
4.428262e-01 2.823590e-01
1.373515e+00 1.993104e-01
3.136484e+00 -1.248094e+00
1.560751e+00 -1.172054e+00
1.908996e+00 -3.855184e-02
1.194038e+00 1.858540e-01
1.613653e+00 -4.138255e-01
1.710889e+00 -2.412029e-01
1.655416e+00 -6.974517e-01
5.642815e-01 7.868789e-02
1.462955e+00 -3.476276e-01
1.513281e+00 -7.398881e-01
5.178660e-01 -1.398937e-01
2.636733e+00 -4.844323e-01
1.502616e+00 -7.466780e-01
2.615759e+00 -4.725833e-01
-3.099285e-02 -1.588225e-01
2.478774e-01 -3.230919e-01
2.772498e-01 5.430323e-02
1.539807e+00 -2.421489e-01
2.705169e-01 -2.383192e-01
1.079120e+00 -6.555285e-02
9.980236e-01 2.840320e-01
1.321257e+00 -4.296209e-01
2.720627e-01 -2.457023e-01
1.656057e+00 -1.125401e-01
1.709863e+00 -9.120271e-01
2.985665e+00 -1.205874e+00
1.733546e+00 -9.682193e-01
1.299539e+00 -1.027981e+00
2.196778e+00 8.361314e-03
3.005909e+00 -1.409382e+00
9.357205e-01 1.080615e-01
2.510468e+00 -1.017469e+00
8.107861e-01 6.465950e-01
7.260706e-01 1.550101e-01
9.682771e-01 -1.066644e-01
7.841074e-01 1.970463e-01
2.373535e-01 9.512674e-02
4.855973e-01 1.751684e-01
1.406985e+00 -8.019808e-01
5.893293e-01 2.970326e-01
2.370445e+00 -1.482658e+00
2.443186e+00 -1.020051e+00
2.083808e-01 -1.584935e-01
4.974774e-01 1.041144e-01
3.902105e-02 6.026836e-04
1.115099e+00 1.177270e-01
1.639671e+00 -9.222051e-01
1.616541e+00 -9.597996e-01
1.620220e-01 2.813492e-01
2.652693e-01 6.591593e-02
1.787133e-01 -7.076196e-02
3.069843e+00 -7.343628e-01
3.015962e+00 -1.503275e+00
4.002306e-01 3.634794e-01
1.173509e+00 -4.175638e-02
2.430684e+00 -1.159955e+00
2.258092e+00 -1.226604e+00
3.163292e+00 -7.784466e-01
2.295198e+00 -4.873674e-01
1.111913e+00 8.332749e-02
2.786459e+00 -9.263156e-01
7.932200e-01 2.138605e-01
9.221577e-01 9.650061e-02
2.140956e+00 -1.000023e+00
2.108476e+00 -1.292668e+00
8.666623e-02 -1.575179e-01
3.258892e+00 -1.150932e+00
2.036506e+00 -1.055756e+00
1.556885e+00 -1.195070e+00
1.418387e+00 -9.265143e-01
9.472615e-01 4.635258e-01
3.075507e+00 -6.077737e-01
-1.184876e-01 9.074153e-02
2.003121e+00 -2.683026e-01
1.169137e+00 3.789854e-01
1.268559e+00 -3.623110e-01
2.048200e+00 -1.105042e+00
1.108861e+00 -2.181575e-01
2.955534e+00 -1.541156e+00
1.504630e+00 -5.141601e-01
1.728277e+00 -4.061585e-01
1.627146e-01 -1.481878e-01
4.625426e-02 -5.320949e-02
1.338732e+00 -5.302550e-01
1.652984e+00 -2.633006e-01
1.207559e+00 -1.160523e+00
3.014324e+00 -8.063181e-01
2.706677e-01 -1.828548e-01
1.173587e+00 -6.570356e-01
1.245373e+00 8.716521e-02
2.768425e+00 -7.528792e-01
1.233935e+00 -5.548411e-01
2.565919e+00 -1.282506e-01
4.887226e-01 -1.847798e-02
2.716671e+00 -7.181433e-01
9.473988e-01 -6.206715e-02
2.327182e+00 -6.099200e-01
4.071435e-01 4.716051e-02
5.427461e-01 -8.917520e-04
2.565664e+00 -1.548788e+00
2.514963e+00 -6.486302e-01
2.077934e+00 -3.422076e-01
1.211481e+00 -3.158795e-01
9.639491e-01 2.109176e-01
1.740958e+00 -7.281535e-01
1.379938e+00 -8.366358e-01
2.852718e+00 -2.467504e-01
2.090263e+00 -1.832175e-01
1.512484e+00 -8.494511e-01
2.091584e+00 1.149971e-01
5.704800e-01 4.293245e-01
1.893802e+00 -7.383745e-01
1.456158e+00 -5.942295e-01
1.076199e+00 3.567242e-01
1.500132e+00 -9.438309e-01
7.773949e-01 4.919149e-02
1.921098e+00 -3.640542e-01
2.155847e+00 -2.054176e-01
1.850219e+00 -1.007822e+00
8.242689e-01 3.751173e-01
2.234852e+00 -1.167346e+00
7.626580e-01 2.489440e-01
1.309178e+00 -3.236244e-01
2.262033e+00 -1.252232e+00
2.141601e+00 -7.335155e-01
1.786629e+00 -2.430106e-01
4.228321e-01 2.421374e-01
3.202882e-01 2.863955e-01
2.345939e+00 -1.202194e+00
1.565640e+00 -8.633224e-01
5.694280e-01 2.016797e-01
4.304452e-01 -1.617808e-02
1.504392e+00 -1.041977e+00
1.662843e+00 -5.804221e-01
2.603979e+00 -1.146821e+00
9.186278e-01 1.266835e-01
3.031929e+00 -1.176430e+00
2.170484e+00 -5.353575e-02
2.770896e+00 -1.184299e+00
5.430655e-01 1.874300e-01
3.076734e+00 -1.150889e+00
3.230741e+00 -1.403722e+00
6.466272e-01 3.158776e-01
6.812343e-01 2.373994e-01
2.684798e+00 -3.747065e-01
3.770248e-01 1.704063e-01
1.734282e+00 -1.039919e+00
1.988608e+00 1.369688e-01
3.544155e-01 -5.255942e-02
1.069281e+00 3.059515e-01
1.213056e+00 -8.620267e-01
1.514343e+00 -9.843615e-01
1.453407e+00 -7.967074e-01
4.738526e-01 3.081286e-03
1.808966e+00 -1.296245e+00
1.686697e+00 -9.620295e-01
5.797326e-01 -6.480901e-02
1.621164e+00 -1.254994e+00
2.932152e+00 -1.075749e+00
1.696858e+00 -3.330563e-01
8.052840e-01 3.711012e-01
1.579974e+00 -7.155310e-01
2.441259e+00 -9.277322e-01
2.496315e+00 -4.848358e-01
4.732243e-01 3.436942e-02
2.618609e+00 -1.064743e+00
2.388423e+00 -1.063353e+00
1.472965e+00 -5.326531e-01
2.426387e+00 -5.224500e-01
2.587805e+00 -2.450546e-01
6.300493e-01 3.469341e-01
8.981158e-01 -2.690415e-01
5.146651e-01 1.331875e-01
2.783427e+00 -4.307221e-01
2.423892e+00 -2.717682e-01
9.431230e-01 6.557609e-02
9.256487e-01 1.710722e-01
2.344347e+00 -1.000597e+00
1.785098e+00 1.605768e-01
1.898619e+00 -6.630651e-02
4.963934e-01 -2.519518e-01
1.054206e+00 -1.868286e-01
2.001025e+00 8.732682e-02
2.701877e+00 -1.435577e+00
7.640917e-01 -1.150761e-01
1.179101e+00 -5.535159e-01
2.713192e+00 -1.063524e+00
2.271008e+00 -7.005109e-01
1.130054e+00 1.724904e-01
1.795705e+00 -2.042224e-01
-1.775818e-01 1.330920e-01
9.650941e-01 6.900106e-02
2.162490e+00 -9.848259e-01
3.232815e+00 -1.389188e+00
9.691836e-01 -1.025379e-01
2.366371e+00 -7.558507e-01
6.542803e-01 3.782766e-01
1.554621e+00 -9.297105e-01
1.012017e-01 2.159045e-01
-6.407715e-02 -5.488963e-02
1.853617e+00 -1.353823e-01
1.119942e+00 -3.320011e-01
1.173132e+00 -1.682085e-01
1.545154e+00 -9.182878e-01
8.368081e-01 -4.096908e-02
2.618727e+00 -5.233140e-01
2.787896e+00 -1.290737e+00
1.604950e+00 -8.177216e-01
2.080428e+00 -4.973586e-01
1.090335e+00 6.508250e-02
1.755960e+00 -6.607436e-01
2.537194e+00 -7.118060e-01
1.402302e-02 8.649551e-02
2.933173e+00 -1.052449e+00
2.536544e+00 -1.030545e+00
1.927023e+00 -3.599891e-01
2.903916e+00 -1.342061e+00
2.443174e+00 -8.870292e-01
2.062852e+00 1.075689e-01
7.850532e-01 3.776109e-01
2.289740e+00 -1.213495e-01
1.198457e+00 1.044480e-01
9.119358e-02 8.333869e-02
3.457855e-01 -1.073452e-01
6.222487e-01 1.601886e-01
7.664337e-01 2.701183e-01
3.095554e+00 -1.447767e+00
8.471333e-02 -1.393209e-01
9.787951e-01 2.035700e-01
1.385203e+00 -7.731620e-01
6.848821e-01 3.026235e-01
2.481538e+00 -8.652623e-01
1.493851e-01 -4.335163e-02
1.096135e+00 1.295487e-01
1.638093e-01 5.174201e-02
2.585452e+00 -5.541410e-01
2.093084e+00 -3.500346e-01
1.791748e+00 -9.946626e-01
2.021831e+00 -3.126623e-02
