2.077725e+00 -9.792179e-01
1.044738e+00 -5.634067e-01
2.539064e+00 -1.320057e+00
2.150590e-02 -7.788764e-02
2.648325e-01 2.812186e-01
2.474050e+00 -4.848112e-01
1.055081e+00 2.235854e-02
7.807620e-02 1.300403e-01
2.107190e+00 -1.546227e+00
7.585188e-01 3.131988e-01
1.297589e+00 -3.773820e-01
2.828105e+00 -1.414812e+00
1.826280e+00 -9.175773e-01
1.646699e+00 -5.762350e-02
1.383999e+00 2.126752e-01
1.896815e+00 -4.558362e-01
1.405068e+00 -2.019410e-01
1.702739e+00 -8.690440e-01
5.935800e-01 2.247546e-02
1.729883e+00 -2.006115e-01
1.469255e+00 -9.489996e-01
5.217886e-01 -2.020504e-01
2.308556e+00 -2.955706e-01
1.293477e+00 -6.652002e-01
2.142117e+00 -1.238462e+00
1.337163e-01 -4.067234e-02
2.011056e-01 3.719348e-01
-8.723578e-02 -1.398754e-02
2.225355e+00 -3.698629e-01
-1.044317e-01 -3.763009e-01
1.515053e+00 -3.677215e-01
1.279158e+00 -2.997370e-01
1.080819e+00 -2.889027e-01
1.341298e-01 1.335944e-01
2.135452e+00 -2.589426e-01
1.872150e+00 -7.718396e-01
3.015864e+00 -1.445065e+00
2.065888e+00 -6.890557e-01
1.661167e+00 -8.010921e-01
1.877099e+00 6.716510e-02
3.266979e+00 -1.671988e+00
1.132128e+00 1.456199e-01
2.276356e+00 -1.408683e+00
1.073575e+00 2.844758e-01
6.677887e-01 3.244232e-01
7.053990e-01 7.160794e-02
7.343819e-01 2.028127e-01
-3.669355e-01 -1.338700e-01
1.978180e-01 -2.776475e-01
1.674095e+00 -1.097113e+00
1.023158e+00 -1.443322e-01
2.302219e+00 -1.329914e+00
2.100782e+00 -1.064101e+00
1.214453e-04 5.026433e-02
5.700883e-01 1.023302e-01
8.544553e-02 2.157473e-01
1.200129e+00 -4.192878e-01
1.559524e+00 -9.071356e-01
1.388732e+00 -7.661646e-01
3.241136e-01 -3.681857e-01
2.725009e-01 -1.693909e-01
4.153837e-01 2.418690e-01
2.886183e+00 -9.266444e-01
2.905878e+00 -1.645457e+00
1.917759e-01 2.494504e-01
1.396875e+00 -1.375034e-01
2.370292e+00 -1.051471e+00
2.042995e+00 -1.387819e+00
3.221229e+00 -1.042287e+00
2.470260e+00 -6.956172e-01
4.845153e-01 2.453997e-01
2.854251e+00 -1.120940e+00
7.698731e-01 1.401502e-01
1.027300e+00 -1.798270e-01
1.963486e+00 -8.277650e-01
2.155996e+00 -1.082399e+00
3.226025e-01 -5.265892e-03
3.291621e+00 -1.458532e+00
2.683824e+00 -1.060070e+00
1.604209e+00 -8.178224e-01
1.232602e+00 -8.217985e-01
5.844771e-01 -2.094386e-01
2.826520e+00 -2.335057e-01
4.334226e-01 6.704907e-02
1.951489e+00 -4.148597e-01
1.094007e+00 3.875075e-01
1.274308e+00 -4.377616e-01
2.220860e+00 -8.994536e-01
1.028878e+00 1.204959e-01
3.362456e+00 -1.181868e+00
1.483396e+00 -5.092892e-01
1.638671e+00 -6.185652e-01
1.552283e-01 1.288967e-01
6.588379e-02 -2.858940e-02
1.404058e+00 -7.299685e-01
1.758584e+00 -1.825786e-01
1.277369e+00 -6.565527e-01
2.305372e+00 -7.171554e-01
7.365277e-01 -6.115903e-02
1.101914e+00 -4.256394e-01
1.138988e+00 1.629109e-01
2.543280e+00 -1.192012e+00
9.950010e-01 -4.676034e-01
2.927542e+00 -3.001658e-01
7.304405e-01 -8.679977e-02
2.712611e+00 -6.906710e-01
9.213453e-01 2.901533e-01
2.019635e+00 -8.664701e-01
-2.723525e-01 8.057765e-02
8.356787e-01 -4.143561e-02
2.779031e+00 -9.317083e-01
2.543051e+00 -5.363308e-01
2.216938e+00 -1.789931e-01
1.191727e+00 -6.051023e-01
8.518705e-01 1.228033e-01
2.021477e+00 -4.202495e-01
1.777217e+00 -4.625348e-01
2.798227e+00 -1.952034e-01
1.928619e+00 -6.771607e-03
1.325245e+00 -7.359626e-01
2.031831e+00 -5.312150e-01
4.689861e-01 1.965213e-01
1.229613e+00 -7.613313e-01
1.560618e+00 -3.700572e-01
9.083666e-01 3.371463e-01
1.671019e+00 -1.260333e+00
9.661863e-01 2.546771e-01
2.161724e+00 -2.492712e-01
2.395204e+00 -5.192052e-01
1.190035e+00 -1.092912e+00
1.380805e+00 2.827761e-01
2.955705e+00 -1.231016e+00
6.987036e-01 2.368689e-01
1.171687e+00 -1.526922e-01
2.329699e+00 -1.051435e+00
2.329803e+00 -5.201060e-01
2.024771e+00 2.614666e-01
7.154367e-01 6.252581e-01
7.094478e-02 -2.050295e-01
2.091283e+00 -9.122862e-01
1.428550e+00 -6.282877e-01
4.224505e-01 1.930040e-01
5.045364e-01 -1.890613e-01
1.298057e+00 -8.882415e-01
1.752665e+00 -3.026087e-01
2.027237e+00 -1.241694e+00
9.052901e-01 -3.058436e-01
3.172354e+00 -1.528079e+00
2.369586e+00 -3.464845e-01
2.755262e+00 -1.444440e+00
8.755947e-01 2.656790e-01
3.167147e+00 -1.264737e+00
2.961707e+00 -1.710781e+00
6.446917e-01 2.697417e-01
7.435292e-01 5.687939e-01
2.268384e+00 -2.490115e-01
2.666972e-01 3.052275e-02
1.583675e+00 -1.001745e+00
1.713694e+00 -3.763122e-01
3.736465e-01 -2.469777e-01
9.184671e-01 1.537104e-01
8.324646e-01 -2.320543e-01
1.496718e+00 -1.429238e+00
1.774757e+00 -7.294668e-01
1.007042e-01 9.226062e-02
1.360537e+00 -9.217501e-01
1.325301e+00 -1.097177e+00
6.546179e-01 -1.572575e-01
1.529418e+00 -8.246887e-01
3.068115e+00 -6.050117e-01
2.197970e+00 -2.379519e-01
7.046625e-01 3.915938e-01
1.230793e+00 -6.162009e-01
2.605551e+00 -5.816885e-01
2.660053e+00 -5.138854e-01
2.384437e-01 3.204876e-01
2.931595e+00 -1.161490e+00
2.140495e+00 -1.024270e+00
1.797121e+00 -7.879165e-01
2.440609e+00 -4.990806e-01
2.645506e+00 -4.029134e-01
5.270147e-01 1.392580e-01
1.083189e+00 1.117789e-01
5.371633e-01 9.222640e-02
2.775619e+00 -2.730689e-01
2.490498e+00 -2.239316e-01
7.362223e-01 1.631797e-01
1.225797e+00 3.429276e-01
2.285519e+00 -1.117518e+00
1.832666e+00 -1.251742e-01
2.248101e+00 -4.805136e-01
2.095048e-01 2.709567e-01
1.342805e+00 6.184612e-02
2.345013e+00 -2.863809e-01
2.544692e+00 -1.003002e+00
7.339500e-01 3.368391e-01
1.237551e+00 -7.706912e-01
3.079389e+00 -1.263505e+00
2.530888e+00 -9.910036e-01
1.085454e+00 4.933800e-02
2.117493e+00 -1.468825e-01
3.556612e-01 3.145782e-01
7.891681e-01 1.955945e-01
2.645544e+00 -6.251350e-01
3.098213e+00 -1.532224e+00
1.116151e+00 2.490346e-01
1.995836e+00 -8.576308e-01
6.412226e-01 3.501220e-01
1.165089e+00 -1.021992e+00
2.705066e-01 2.104209e-01
1.754863e-01 5.743980e-02
2.305591e+00 9.823140e-03
1.507881e+00 -6.487469e-01
1.087858e+00 2.515023e-01
1.800448e+00 -7.259938e-01
8.492269e-01 -3.519970e-02
2.581402e+00 -3.876880e-01
2.878897e+00 -1.977239e+00
1.553465e+00 -5.325943e-01
1.487168e+00 -7.838682e-01
1.199520e+00 2.302574e-01
1.598109e+00 -6.637389e-01
2.808164e+00 -1.016471e-02
4.144683e-01 7.758185e-02
2.517168e+00 -1.262709e+00
2.308588e+00 -1.060181e+00
2.030616e+00 -4.260576e-01
2.526579e+00 -1.168207e+00
2.445383e+00 -1.146388e+00
2.094267e+00 1.619986e-01
1.012004e+00 5.871425e-03
2.423680e+00 -1.686658e-01
8.374275e-01 1.043688e-01
-3.221985e-02 -2.291798e-01
8.238421e-02 -6.205676e-01
4.903775e-01 3.347953e-01
6.535324e-01 7.773625e-01
3.265249e+00 -1.354241e+00
-2.313332e-01 -3.359846e-01
1.062733e+00 4.002134e-02
1.244083e+00 -2.467101e-01
1.059145e+00 3.235335e-01
2.569878e+00 -1.030442e+00
1.297952e-01 6.430703e-02
1.055726e+00 9.373791e-02
-1.691779e-01 -1.667795e-01
2.351387e+00 -6.067406e-01
2.081835e+00 -3.042729e-01
1.645169e+00 -1.160596e+00
1.711432e+00 -1.983805e-01
