2.309304e+00 -1.931716e+00
1.054065e+00 -9.068736e-01
2.268807e+00 -2.017709e+00
-6.609655e-01 -4.206491e-01
1.333222e-01 -4.799353e-01
2.887563e+00 2.473753e-02
7.163668e-01 6.275497e-01
9.746479e-02 8.462625e-01
2.177795e+00 -1.674217e+00
1.224049e+00 -3.122543e-01
1.612933e+00 9.761102e-02
2.706617e+00 -1.723251e+00
1.416784e+00 -5.646162e-01
1.910626e+00 5.754300e-01
5.564008e-01 -6.302724e-02
2.296147e+00 -1.076822e+00
2.370220e+00 -1.980269e-01
1.717086e+00 -9.950530e-01
-1.231237e-01 2.239466e-02
1.546063e+00 2.976227e-01
1.796008e+00 -9.463626e-01
9.526444e-01 -1.618273e-02
2.873939e+00 -3.355845e-02
1.289982e+00 -6.061886e-01
2.309689e+00 -1.741150e-01
4.442354e-02 6.302984e-01
2.161059e-01 1.174801e+00
-1.597560e-01 3.820530e-01
1.894805e+00 -2.461376e-01
-8.737174e-01 2.903650e-02
5.871972e-01 -5.032109e-02
6.720236e-01 -3.991240e-01
7.973492e-01 -1.011641e+00
-4.577929e-01 1.735392e-01
1.854151e+00 3.157328e-02
1.501211e+00 -1.098865e+00
2.947896e+00 -9.819311e-01
1.801753e+00 -8.389709e-01
1.863848e+00 -9.604807e-01
1.741313e+00 2.982049e-01
2.353514e+00 -2.049607e+00
1.006677e+00 1.727757e-01
2.494906e+00 -1.333077e+00
1.488622e+00 -4.635177e-01
7.747286e-01 5.670867e-01
1.382815e+00 8.465970e-01
1.920942e-01 3.788990e-01
-9.495711e-02 -1.056682e-02
9.962881e-01 9.621139e-01
1.698506e+00 -1.889964e+00
2.031707e-02 2.178181e-01
2.833602e+00 -1.569724e+00
2.342303e+00 -3.047520e-01
1.268154e-01 8.273334e-01
2.164991e-01 4.711510e-01
3.885116e-02 3.642062e-01
2.149810e+00 -4.857680e-02
2.280109e+00 -1.204264e+00
1.170062e+00 -1.698093e+00
-2.826900e-01 6.945803e-01
6.018162e-01 -6.575298e-02
4.447127e-01 3.354944e-01
3.157962e+00 -6.766626e-01
3.622740e+00 -1.809216e+00
3.033570e-01 6.218035e-01
1.543099e+00 1.868876e-01
2.105016e+00 -8.326243e-01
1.965096e+00 -6.120477e-01
3.517776e+00 -1.111943e+00
3.762760e+00 -1.037748e+00
8.145758e-01 1.276157e-01
2.810761e+00 -4.892490e-01
9.933672e-01 -1.540398e-01
1.187174e+00 2.369200e-01
2.415898e+00 -7.824041e-02
2.402111e+00 -8.270047e-01
1.914181e-01 -3.149415e-01
2.347302e+00 -5.278875e-01
1.739725e+00 -8.860624e-01
1.763737e+00 -1.419684e+00
1.756332e+00 -1.234617e+00
4.992982e-01 6.862855e-01
2.087735e+00 2.809956e-02
6.252741e-01 4.842822e-01
1.989849e+00 -7.918522e-01
5.309731e-01 -7.789258e-02
-2.046232e-01 -3.173924e-01
2.213000e+00 -1.021679e+00
1.019142e+00 1.683803e-02
2.998906e+00 -2.057414e+00
1.458076e+00 -5.922037e-01
9.906811e-01 -1.580496e-02
1.993310e-01 3.111493e-01
1.268550e-01 -8.591966e-01
1.433884e+00 -3.201685e-01
2.414144e+00 1.815191e-01
1.901657e+00 -2.690054e-01
2.291157e+00 -8.985072e-01
8.543728e-01 -1.499718e-01
1.591809e+00 1.765419e-01
7.386606e-01 4.605627e-01
2.442768e+00 -6.693137e-01
2.076274e+00 7.099345e-02
2.532372e+00 3.417825e-01
2.153261e-01 1.081583e+00
2.795820e+00 -4.015189e-01
1.266785e+00 -3.287183e-01
2.800800e+00 -4.703923e-01
-1.578636e-01 -3.734380e-01
6.628542e-01 1.680006e-01
2.407447e+00 -1.725441e+00
1.964106e+00 -1.069406e+00
2.769765e+00 1.039010e-01
1.344505e+00 7.125377e-01
1.214410e+00 3.795776e-01
2.009287e+00 -5.498707e-01
9.761860e-01 -1.085174e+00
1.519548e+00 -1.012561e+00
2.665991e+00 -8.393249e-02
9.296485e-01 -5.888975e-01
2.237174e+00 6.262745e-01
1.433241e+00 5.153301e-01
9.917899e-01 3.305655e-01
1.984930e+00 -2.439860e-01
1.064844e+00 -6.778047e-01
1.154102e+00 -8.332048e-01
7.534457e-01 7.210514e-01
1.806812e+00 -6.744450e-01
2.337861e+00 -7.449760e-01
7.587105e-01 -7.174316e-01
1.015563e+00 1.620379e-01
3.114819e+00 -8.099545e-01
7.475471e-01 8.641131e-02
1.612294e+00 -1.317816e+00
1.936361e+00 -1.329596e+00
1.961554e+00 -1.097987e+00
1.968008e+00 -1.755433e-01
7.219673e-01 3.238845e-01
5.417536e-01 -3.628670e-01
2.040348e+00 -6.795443e-01
1.154983e+00 -1.320947e+00
1.697162e-01 1.520896e-02
8.392419e-01 2.704774e-01
1.179841e+00 -9.542739e-02
1.483932e+00 -1.169258e+00
3.167194e+00 -1.560095e+00
8.913515e-01 1.430522e-01
3.236732e+00 -2.232394e+00
1.913439e+00 -3.733721e-01
3.529186e+00 -1.439111e+00
4.840586e-01 5.275800e-01
3.113477e+00 -1.561494e+00
3.171818e+00 -1.704126e+00
1.153261e+00 1.586320e-01
7.159189e-02 -8.215937e-01
2.480354e+00 -6.655345e-01
2.330854e-01 -8.478513e-03
6.626440e-01 -1.304636e+00
1.890844e+00 -5.234706e-02
8.044453e-01 5.075082e-01
8.300106e-01 1.374162e-01
1.121053e+00 -3.299092e-01
1.299773e+00 -1.371792e+00
9.414823e-01 -1.132083e+00
2.524761e-01 4.876991e-01
1.579780e+00 -9.084797e-01
1.474204e+00 -3.054910e-01
8.965758e-01 1.764674e-01
1.265378e+00 -1.555144e+00
3.577940e+00 -4.559105e-01
1.822874e+00 7.006979e-01
9.162512e-01 -1.635019e-01
1.913522e+00 -1.219582e+00
2.260287e+00 -1.570428e+00
2.173311e+00 -4.630369e-01
6.323566e-01 -4.431074e-01
3.696085e+00 -2.070485e+00
2.295981e+00 -8.659077e-01
1.911725e+00 -6.824036e-02
7.515601e-01 -1.080166e+00
2.751775e+00 4.825091e-01
2.584265e-01 1.805052e-02
1.487174e+00 -6.665242e-01
8.467754e-01 1.923196e-01
2.326483e+00 -1.047379e-01
3.646952e+00 -2.263855e-01
-1.476614e-01 -1.811209e-01
1.701891e+00 3.439573e-02
1.673716e+00 -5.421391e-01
1.611800e+00 -1.289553e-01
1.410563e+00 -3.027041e-01
3.784832e-01 -1.342150e-02
1.233255e+00 1.710533e-01
1.543268e+00 6.599610e-01
2.787950e+00 -1.803703e+00
-5.824265e-01 1.037887e-01
9.835291e-01 -5.433426e-01
2.925756e+00 5.243864e-01
1.634547e+00 -4.088312e-01
5.881718e-01 3.902877e-01
2.611524e+00 -2.679086e-01
-1.818246e-01 -9.598657e-02
5.487504e-01 9.871622e-01
2.349452e+00 -8.233363e-01
3.185039e+00 -9.477853e-01
8.620900e-01 4.080645e-01
2.778120e+00 -7.043396e-01
8.716006e-02 8.548386e-01
1.534235e+00 -8.744716e-01
5.311164e-01 6.531273e-01
1.021233e-02 5.689076e-01
2.128445e+00 -3.241334e-02
9.106614e-01 -3.393588e-01
1.577064e+00 -8.633751e-01
1.772703e+00 -6.822261e-01
1.810337e+00 5.903390e-01
2.811320e+00 -1.050032e+00
2.706787e+00 -1.444512e+00
2.502158e+00 -6.294141e-02
1.399623e+00 -3.397067e-01
5.531955e-01 -7.146627e-02
1.974620e+00 -8.717546e-01
2.020286e+00 -9.203595e-02
1.277808e-01 -1.859143e-01
3.540519e+00 -5.520496e-01
2.450129e+00 -1.971170e+00
2.532756e+00 -3.439299e-01
2.799248e+00 -1.364881e+00
1.811237e+00 -8.896361e-01
1.596798e+00 8.849081e-02
5.069356e-01 -9.923172e-03
2.193089e+00 -7.356850e-02
1.119129e+00 5.693308e-01
8.196013e-01 -2.100106e-02
9.043512e-01 -1.400103e-01
8.887872e-01 6.313771e-01
1.386543e+00 -4.457705e-01
1.495978e+00 -1.089526e+00
3.176292e-03 1.312016e-01
1.129692e+00 -1.337265e-01
1.556118e+00 -3.119648e-01
6.955001e-01 2.378728e-01
2.749261e+00 -1.243440e+00
-3.916792e-01 -5.518897e-01
8.832151e-01 6.526488e-01
1.150206e-01 -3.321564e-01
2.666321e+00 -9.571466e-01
2.054823e+00 -7.132801e-01
1.014527e+00 -3.770726e-01
1.828829e+00 -1.290852e-01
