2.179058e+00 -1.377795e+00
1.352507e+00 -1.753326e-01
2.326571e+00 -1.367468e+00
3.375285e-01 1.158237e-02
2.493489e-01 -1.223089e-01
2.600364e+00 -4.059432e-01
1.207953e+00 -9.045618e-02
3.523886e-01 -1.326186e-01
2.394343e+00 -1.013330e+00
7.098392e-01 3.514433e-01
9.867353e-01 1.725190e-01
3.012220e+00 -1.515939e+00
1.094983e+00 -1.205845e+00
1.509879e+00 -3.897444e-02
1.047307e+00 -1.048656e-03
1.744561e+00 -4.004717e-01
1.997369e+00 -1.991798e-01
1.684980e+00 -8.082237e-01
7.095278e-01 -3.214387e-01
1.679882e+00 -2.544014e-01
1.766610e+00 -8.814090e-01
2.983229e-01 3.638863e-01
2.577369e+00 -5.748887e-01
1.670986e+00 -7.202563e-01
2.693502e+00 -5.119963e-01
-1.354161e-02 3.219760e-01
-3.451598e-01 -3.978888e-01
4.336522e-02 -1.024455e-01
1.983986e+00 -2.713295e-01
1.609651e-02 -4.414811e-02
1.425953e+00 -5.771338e-02
7.916765e-01 1.900310e-01
1.165854e+00 -5.297490e-01
1.672837e-01 1.367825e-01
1.584533e+00 -8.329355e-01
1.931586e+00 -7.417615e-01
3.192995e+00 -1.071910e+00
1.486699e+00 -8.335267e-01
1.647612e+00 -9.834295e-01
1.960021e+00 -1.689327e-01
3.146117e+00 -1.431253e+00
1.132444e+00 1.983436e-01
2.202190e+00 -1.121725e+00
5.603245e-01 3.170703e-01
8.805983e-01 4.235917e-01
5.511589e-01 1.175937e-01
7.612744e-01 1.182683e-01
-3.608426e-01 -1.045833e-01
5.165793e-01 2.719774e-01
1.896828e+00 -9.329319e-01
9.120970e-01 4.222220e-01
1.975141e+00 -1.394220e+00
2.451642e+00 -7.695395e-01
4.328155e-01 6.613692e-02
3.753877e-01 1.272349e-01
-1.105937e-01 -1.489796e-01
1.074091e+00 8.869487e-03
1.527756e+00 -8.595546e-01
1.697325e+00 -1.098084e+00
2.564351e-01 2.436780e-02
3.273827e-01 1.075776e-02
1.694615e-01 2.785275e-01
2.841007e+00 -9.786362e-01
2.996863e+00 -1.320355e+00
4.195443e-02 3.264644e-01
9.055855e-01 4.097388e-01
2.511292e+00 -1.416879e+00
2.332694e+00 -9.922975e-01
2.757393e+00 -6.173019e-01
2.474792e+00 -5.839474e-01
1.083948e+00 3.426723e-01
2.683761e+00 -1.076449e+00
8.194491e-01 6.349165e-02
8.717364e-01 -4.417529e-01
2.115170e+00 -6.629273e-01
2.455968e+00 -1.046924e+00
1.796878e-01 -2.674756e-02
2.739588e+00 -1.247561e+00
2.632898e+00 -9.862469e-01
1.792236e+00 -7.779225e-01
1.609848e+00 -5.753378e-01
6.705883e-01 3.509154e-01
2.628241e+00 -2.438092e-01
-2.507663e-02 -1.774831e-01
2.045017e+00 -5.901241e-01
1.190609e+00 2.700389e-01
1.254116e+00 -6.879055e-01
2.549383e+00 -1.234965e+00
1.313142e+00 -1.974868e-01
2.815129e+00 -1.244138e+00
1.428805e+00 -7.998605e-01
2.074798e+00 -4.755217e-01
3.526254e-01 -4.404175e-02
-6.185414e-02 1.171916e-01
1.371155e+00 -7.064461e-01
2.043373e+00 -2.399650e-01
1.352960e+00 -2.775494e-01
2.216710e+00 -9.865627e-01
1.243310e-01 1.016653e-01
1.274568e+00 -6.799618e-01
8.500239e-01 4.346587e-01
3.200388e+00 -7.741311e-01
1.031454e+00 -6.507354e-01
2.870588e+00 -4.065796e-01
4.923829e-01 2.430849e-01
3.142949e+00 -8.374734e-01
9.849841e-01 1.016790e-01
1.773806e+00 -4.402763e-01
2.104629e-01 -1.242270e-01
6.424895e-01 1.311846e-01
3.047947e+00 -1.087647e+00
2.640949e+00 -4.785787e-01
2.246777e+00 -3.821795e-01
9.718021e-01 -5.149481e-01
4.855867e-01 1.132524e-01
2.095982e+00 -7.174277e-01
1.714622e+00 -1.048221e+00
2.828821e+00 -5.101694e-01
2.047271e+00 -5.009419e-02
1.383325e+00 -7.654548e-01
2.187566e+00 -2.417779e-01
8.227635e-01 9.776643e-02
1.633177e+00 -6.082877e-01
1.284019e+00 -5.824668e-01
1.115572e+00 -3.452416e-01
1.496656e+00 -1.083085e+00
6.825425e-01 2.767551e-01
1.944729e+00 -8.045260e-02
1.895540e+00 -4.960840e-01
1.613855e+00 -7.242533e-01
1.086150e+00 -7.848680e-02
2.754207e+00 -9.777666e-01
4.360979e-01 -1.944640e-01
1.369181e+00 -1.536419e-01
2.166198e+00 -8.153707e-01
2.075334e+00 -6.071306e-01
2.049034e+00 -4.966297e-01
8.640807e-01 3.159527e-01
-2.782071e-02 2.916463e-01
2.372906e+00 -8.777408e-01
1.271637e+00 -1.019196e+00
7.573245e-01 -1.888214e-01
2.977071e-01 1.014803e-01
1.230149e+00 -1.198711e+00
2.073482e+00 -3.959220e-01
2.533398e+00 -1.132177e+00
1.410096e+00 2.893841e-01
3.204566e+00 -1.415772e+00
2.094801e+00 -7.903455e-02
3.018224e+00 -1.191046e+00
6.353274e-01 2.656698e-01
2.968359e+00 -1.415955e+00
3.013210e+00 -1.296611e+00
5.902406e-01 4.060631e-01
7.406385e-01 6.285904e-01
2.652140e+00 -8.133589e-02
4.481409e-01 3.797405e-01
1.377809e+00 -1.055706e+00
1.773863e+00 -1.141733e-01
2.155804e-01 -2.386039e-01
5.368265e-01 -2.106012e-01
1.471686e+00 -7.246463e-01
1.246081e+00 -1.042611e+00
1.622557e+00 -8.700290e-01
6.824896e-01 2.965045e-01
1.860202e+00 -9.282397e-01
1.525906e+00 -1.031002e+00
4.969365e-01 1.875099e-01
1.670699e+00 -7.355161e-01
2.697549e+00 -1.071630e+00
2.053228e+00 -4.879093e-01
9.123860e-01 2.373369e-01
1.267371e+00 -9.111126e-01
2.379243e+00 -6.940359e-01
2.661432e+00 -3.362312e-01
2.426087e-01 1.235075e-01
2.862565e+00 -1.068126e+00
2.340694e+00 -9.108377e-01
1.561891e+00 -3.650067e-01
2.344592e+00 -4.656610e-01
2.939773e+00 -2.274147e-01
3.147429e-01 -1.821029e-01
1.103061e+00 7.667049e-02
9.986827e-01 2.937929e-01
2.605872e+00 2.054269e-02
2.742268e+00 -3.246119e-01
7.801102e-01 3.666899e-02
7.962738e-01 -4.463375e-02
2.278370e+00 -9.002102e-01
1.850050e+00 -5.501192e-03
2.286206e+00 -2.626519e-01
2.645407e-01 -3.872900e-01
1.052167e+00 5.223809e-02
2.191579e+00 -1.488674e-01
2.749891e+00 -1.132340e+00
5.679050e-01 -2.389155e-01
1.610183e+00 -5.643635e-01
3.007043e+00 -1.504275e+00
2.165208e+00 -6.811978e-01
9.144210e-01 1.191803e-01
1.933010e+00 -7.560928e-02
2.103419e-03 4.043321e-02
9.471874e-01 -5.660513e-02
2.441470e+00 -9.132755e-01
2.891458e+00 -1.832183e+00
1.052720e+00 3.260229e-01
2.101026e+00 -3.597273e-01
5.593211e-01 -8.985423e-03
1.451654e+00 -1.032735e+00
2.757110e-01 -8.937646e-02
3.945862e-01 -1.051608e-01
2.111607e+00 -2.122972e-01
1.377624e+00 6.107111e-02
1.022642e+00 -1.599454e-02
1.079849e+00 -4.726758e-01
1.098239e+00 2.603165e-01
2.833787e+00 -4.428554e-01
3.046227e+00 -1.444196e+00
1.743507e+00 -6.198411e-01
2.069165e+00 -4.223456e-01
1.144289e+00 6.683808e-01
1.412403e+00 -6.166876e-01
2.309476e+00 -4.469847e-01
1.161386e-01 -2.582896e-01
2.698930e+00 -9.837212e-01
2.426475e+00 -1.360050e+00
1.878184e+00 -4.000957e-01
2.644892e+00 -1.293169e+00
2.607790e+00 -8.906097e-01
2.341206e+00 -1.922180e-02
9.826638e-01 2.976958e-01
2.113740e+00 -4.387786e-01
1.185814e+00 -1.252414e-01
4.116719e-01 -9.937474e-03
1.300665e-01 1.124811e-01
5.007457e-01 -2.638022e-02
5.977572e-01 -3.857635e-02
2.858037e+00 -1.423942e+00
-2.280091e-01 6.717228e-03
8.836611e-01 9.415794e-02
1.520966e+00 -4.162869e-01
7.269294e-01 1.226416e-01
2.734079e+00 -1.000943e+00
6.039705e-01 -2.469128e-01
1.177323e+00 2.233775e-01
-7.850690e-02 -5.788063e-02
2.690207e+00 -3.926309e-01
2.248508e+00 -2.999329e-01
1.570585e+00 -6.178561e-01
1.679041e+00 9.369213e-02
