2.280649e+00 -9.078029e-01
1.131786e+00 -1.194992e-01
2.425879e+00 -1.125514e+00
2.242799e-01 -2.434703e-01
1.347417e-01 6.268467e-02
2.264446e+00 -2.821617e-01
1.465426e+00 9.983626e-02
6.363421e-01 1.036829e-01
2.039505e+00 -9.177277e-01
3.159484e-01 1.167582e-01
9.981731e-01 -1.557837e-01
3.657784e+00 -1.383157e+00
1.982237e+00 -7.845038e-01
1.691401e+00 -2.387195e-01
1.097853e+00 -1.167434e-01
1.699391e+00 -3.446033e-01
1.987253e+00 -7.232820e-03
2.108069e+00 -9.721939e-01
7.681178e-01 4.635796e-01
2.182512e+00 -9.291809e-01
2.077438e+00 -1.147133e+00
-2.004880e-01 5.243919e-01
2.692472e+00 -4.198736e-01
1.321646e+00 -7.578026e-01
2.474532e+00 -8.938398e-01
6.389535e-02 1.891708e-02
-2.606309e-01 -5.620684e-03
-3.457762e-01 5.348949e-01
1.885338e+00 -4.510687e-01
1.671943e-01 -2.217138e-01
1.036620e+00 2.273273e-01
8.166147e-01 5.428367e-01
1.894531e+00 -6.647145e-01
-3.570759e-02 -1.569834e-01
1.707444e+00 2.091264e-02
1.536713e+00 -1.125663e+00
3.018649e+00 -1.744078e+00
1.970547e+00 -6.710551e-01
1.377620e+00 -1.105163e+00
2.091463e+00 -4.482225e-01
2.711754e+00 -1.447411e+00
6.359530e-01 6.758061e-04
2.074198e+00 -7.655012e-01
7.356756e-01 -3.378098e-02
9.068764e-01 2.826210e-02
4.124491e-01 4.768467e-01
6.135910e-01 4.525902e-01
1.278377e-03 3.580665e-02
6.266628e-01 -1.149529e-01
1.340916e+00 -6.081393e-01
9.723496e-01 2.200986e-01
2.595500e+00 -1.043923e+00
2.705713e+00 -1.396591e+00
2.945491e-01 3.311369e-01
9.051249e-01 -1.092781e-01
4.888796e-02 4.795387e-03
8.449364e-01 -3.292143e-01
1.229583e+00 -8.323103e-01
1.306808e+00 -8.815737e-01
1.235938e-01 -1.130214e-01
8.965212e-01 8.046066e-02
8.934255e-01 1.452497e-01
3.028574e+00 -1.031555e+00
2.771696e+00 -1.347951e+00
8.199618e-01 -3.347667e-02
6.784898e-01 1.280152e-01
2.378741e+00 -1.362574e+00
2.284214e+00 -1.420206e+00
3.070499e+00 -8.344030e-01
2.615983e+00 -7.419647e-01
1.290925e+00 2.920590e-01
2.238625e+00 -1.025524e+00
7.109810e-01 1.891769e-01
1.424097e+00 -4.910423e-02
2.667690e+00 -6.220440e-01
2.224779e+00 -1.728669e+00
5.013872e-02 -1.044151e-01
3.308969e+00 -1.397697e+00
2.925064e+00 -1.338474e+00
1.347188e+00 -6.319377e-01
1.160300e+00 -2.811157e-01
5.321226e-01 2.231485e-02
2.885229e+00 -5.914484e-01
2.127874e-02 9.439980e-02
1.740636e+00 -5.608827e-01
6.462859e-01 5.789983e-01
1.710672e+00 -2.327957e-01
2.199794e+00 -1.108725e+00
1.373379e+00 2.330088e-01
2.805006e+00 -1.059539e+00
1.504873e+00 -2.756971e-01
1.337299e+00 -5.579420e-01
2.893876e-01 -1.235936e-01
7.036947e-01 -1.413626e-01
1.451974e+00 -5.091564e-01
1.779822e+00 -4.558897e-01
1.934644e+00 -6.794310e-01
2.776150e+00 -6.813320e-01
2.565427e-01 6.397956e-02
1.432139e+00 -7.630279e-01
8.073430e-01 2.563515e-01
2.853942e+00 -1.134020e+00
1.045692e+00 -4.569341e-01
2.157127e+00 -4.734460e-01
3.601366e-01 5.099250e-01
2.783622e+00 -8.003945e-01
1.052063e+00 -2.237282e-02
2.090463e+00 -5.650804e-01
2.859676e-01 -2.155001e-01
9.444601e-01 -3.152265e-01
3.058870e+00 -1.408568e+00
3.322791e+00 -5.871537e-01
1.877080e+00 -7.778629e-01
1.409470e+00 2.435351e-01
1.075583e+00 -1.764145e-01
1.812795e+00 -2.647671e-01
1.179148e+00 -6.590795e-01
2.535198e+00 -5.606902e-01
2.093860e+00 1.894905e-01
1.874975e+00 -9.302536e-01
1.814026e+00 -2.569022e-01
8.235284e-01 4.368662e-01
1.963046e+00 -6.629651e-01
1.455689e+00 -7.099160e-01
1.032920e+00 2.982733e-01
1.493960e+00 -9.464942e-01
1.260675e+00 3.085469e-02
1.885029e+00 -6.690182e-01
1.828238e+00 -3.497004e-01
1.323714e+00 -1.023320e+00
1.401485e+00 5.215366e-02
2.728944e+00 -1.154324e+00
6.392083e-01 -2.117083e-01
1.159168e+00 -1.446837e-01
2.304006e+00 -8.748328e-01
2.380467e+00 -8.153665e-01
2.382656e+00 1.475447e-02
6.900691e-01 2.719412e-01
3.341583e-01 6.029477e-02
2.244740e+00 -1.005194e+00
1.826745e+00 -8.178005e-01
6.465533e-01 7.995707e-02
1.131541e-01 -3.032649e-01
1.384922e+00 -1.068868e+00
2.295706e+00 -4.430115e-02
2.137763e+00 -1.036361e+00
9.238656e-01 2.744623e-01
2.804208e+00 -7.189056e-01
2.595467e+00 -2.858491e-01
2.691806e+00 -9.152509e-01
2.840019e-01 4.156299e-01
2.909504e+00 -1.637082e+00
2.926454e+00 -1.547727e+00
8.226573e-01 2.506138e-01
2.714957e-01 8.886539e-02
2.823752e+00 -8.059363e-02
2.404202e-01 1.474205e-01
1.639355e+00 -9.768627e-01
2.086172e+00 -3.676783e-01
4.295594e-01 -4.137904e-01
9.264807e-01 6.201757e-01
1.254310e+00 -2.538514e-01
1.392453e+00 -1.231955e+00
1.915823e+00 -5.522141e-01
1.049947e+00 -2.566888e-01
1.661749e+00 -8.485945e-01
1.779492e+00 -7.533633e-01
5.743375e-01 -1.272289e-01
1.647272e+00 -8.541300e-01
2.984398e+00 -9.175468e-01
1.994435e+00 -5.902659e-01
6.213546e-01 4.916726e-01
1.391493e+00 -4.795282e-01
2.275187e+00 -1.216500e+00
2.426175e+00 -4.880285e-01
6.727931e-01 2.681084e-03
2.364501e+00 -9.722891e-01
2.312528e+00 -7.998688e-01
2.036272e+00 -2.560330e-01
2.579460e+00 -7.081209e-01
2.555420e+00 -1.609316e-02
7.953053e-01 4.095301e-02
1.466916e+00 -7.641574e-02
1.206360e+00 7.432054e-01
3.378729e+00 -3.231182e-01
3.043677e+00 -6.041458e-02
1.177363e+00 3.513892e-01
1.282436e+00 -2.515044e-01
2.216625e+00 -1.086287e+00
1.698210e+00 -5.617276e-01
1.789716e+00 -1.567196e-01
4.461047e-01 3.034574e-02
1.362348e+00 -1.833547e-01
1.458289e+00 2.174767e-02
2.848081e+00 -1.188522e+00
2.553544e-01 3.321027e-01
1.297345e+00 -1.068797e+00
3.388563e+00 -1.126154e+00
2.215507e+00 -1.613904e+00
1.032010e+00 -6.530839e-03
2.367125e+00 -6.135395e-01
6.133745e-01 1.043176e-01
5.477640e-01 4.974996e-01
2.371591e+00 -1.511860e+00
2.835780e+00 -1.293191e+00
1.092497e+00 2.340027e-01
2.484730e+00 -9.497556e-01
7.076067e-01 3.471129e-02
1.090434e+00 -8.914784e-01
3.382212e-01 1.237084e-01
-6.941714e-05 -3.135260e-01
1.907614e+00 -8.698823e-01
8.510260e-01 -5.398217e-01
1.312404e+00 3.047511e-01
2.061043e+00 -7.909062e-01
8.893291e-01 1.209448e-01
2.679123e+00 -6.354656e-01
3.072437e+00 -1.281787e+00
1.776957e+00 -5.246458e-01
1.956540e+00 -6.896121e-01
6.519000e-01 3.698420e-01
1.972522e+00 -5.370410e-01
2.492209e+00 -8.473548e-01
-2.761228e-02 7.588568e-03
2.515933e+00 -1.141536e+00
2.743037e+00 -1.123790e+00
1.854039e+00 -1.083587e-01
2.897734e+00 -1.330871e+00
2.644164e+00 -1.632551e+00
2.129664e+00 -2.660447e-01
1.250144e+00 -1.660282e-01
2.293671e+00 -3.605287e-01
9.203039e-01 1.067870e-01
5.202978e-01 -7.606426e-02
1.273836e-01 4.172589e-01
4.419490e-01 2.546188e-01
1.132561e+00 -1.518291e-02
3.096474e+00 -1.188830e+00
-4.467746e-01 9.309320e-02
9.839732e-01 4.955692e-01
1.538179e+00 -3.439357e-01
1.527728e-01 3.533179e-01
2.238638e+00 -7.108517e-01
8.445197e-02 -1.726709e-01
9.956218e-01 -1.524038e-01
-3.380770e-01 -3.656622e-01
2.473949e+00 -1.534036e-02
2.349359e+00 -2.872206e-01
1.983664e+00 -8.093675e-01
1.873408e+00 -2.302063e-01
