2.579987e+00 -1.473119e+00
1.484332e+00 2.412431e-01
2.983482e+00 -1.890475e+00
-5.323904e-03 8.884228e-02
6.369271e-01 5.725523e-02
3.156949e+00 -5.596085e-01
1.238434e+00 1.089158e-01
7.388986e-01 3.306932e-01
2.562019e+00 -8.243027e-01
1.871977e-01 1.120495e-01
6.963472e-01 -2.072686e-01
2.901861e+00 -2.219521e+00
1.405001e+00 -1.181616e+00
1.528148e+00 -8.351339e-02
9.612941e-01 1.121517e-01
1.532284e+00 -5.777169e-01
2.815596e+00 2.944745e-02
1.343823e+00 -3.644788e-01
1.033484e+00 2.869340e-01
1.510138e+00 -2.626847e-02
1.336730e+00 -4.492552e-01
2.417579e-01 -9.602571e-02
2.742727e+00 -4.483698e-02
2.317870e+00 -8.003454e-01
2.359258e+00 -1.024676e+00
-5.058843e-01 -3.961870e-01
2.121861e-01 3.790136e-01
-1.708153e-01 2.771031e-01
1.587564e+00 -4.216646e-01
-3.880674e-01 5.009283e-01
1.655539e+00 -1.818309e-01
8.039815e-01 2.139981e-01
1.958158e+00 1.009563e-01
1.437342e-01 -7.302923e-02
1.377659e+00 -4.516973e-01
1.722120e+00 -1.301696e+00
2.782098e+00 -1.227289e+00
1.083238e+00 -6.668104e-01
1.939338e+00 -7.462426e-01
1.830549e+00 3.170198e-01
3.467474e+00 -1.261281e+00
1.075035e+00 -1.030547e-01
2.230848e+00 -7.716724e-01
1.555439e+00 8.310662e-02
6.461925e-01 -3.542751e-02
5.684612e-01 -2.585784e-01
8.703843e-01 -2.731892e-01
-2.026886e-01 -2.488988e-02
-3.599452e-02 -2.249214e-01
1.148242e+00 -5.388199e-01
1.345840e+00 -6.026489e-02
3.414807e+00 -1.555503e+00
2.271316e+00 -8.778618e-01
5.363314e-01 -1.177339e-01
8.345415e-01 5.016551e-01
-1.864770e-04 -5.785106e-02
9.737428e-01 -6.411160e-01
1.383229e+00 -5.768650e-01
1.608100e+00 -1.023647e+00
-3.525203e-03 -2.273076e-01
4.288727e-01 1.276258e-02
3.483457e-01 -1.531538e-01
2.537155e+00 -7.761927e-01
3.219786e+00 -1.546223e+00
-4.390261e-01 -4.478600e-01
1.501826e+00 3.902184e-01
2.605955e+00 -1.007969e+00
2.779131e+00 -1.297996e+00
2.855354e+00 -1.134436e+00
2.479618e+00 1.515770e-01
5.893017e-01 -2.147344e-01
2.785973e+00 -1.310875e+00
8.887061e-01 5.380115e-01
9.936059e-01 7.257859e-01
2.638776e+00 -9.428062e-01
2.330044e+00 -1.002022e+00
-5.666618e-02 -7.955483e-01
3.616909e+00 -1.684798e+00
2.772802e+00 -7.393009e-01
1.261181e+00 -2.139974e-01
1.357429e+00 -5.475400e-01
1.872127e-01 -5.696749e-01
2.606915e+00 1.370787e-01
-6.066382e-01 3.514844e-02
1.844902e+00 7.385539e-02
1.382644e+00 2.120000e-01
1.200645e+00 -6.018494e-01
1.831843e+00 -1.295377e+00
7.114545e-01 -1.061471e-01
2.948452e+00 -1.475554e+00
1.368051e+00 -7.567840e-01
2.121645e+00 -3.494612e-01
1.556007e-01 -4.308799e-01
1.166708e-01 4.111355e-01
1.540129e+00 -2.653755e-01
2.139127e+00 2.115675e-01
1.666050e+00 -5.584411e-01
2.367541e+00 -3.456633e-01
-5.296865e-01 5.141841e-01
1.604990e+00 -4.179916e-03
6.036384e-01 5.598322e-01
3.072348e+00 -1.175762e+00
1.266024e+00 -6.366080e-01
2.574682e+00 -9.103584e-01
7.672087e-01 -3.536064e-01
2.381676e+00 -2.573666e-01
4.365128e-01 7.042263e-02
1.776134e+00 4.837939e-02
5.380359e-01 -3.325677e-01
5.672440e-01 4.957190e-01
3.073706e+00 -1.476291e+00
2.606647e+00 -7.779134e-01
2.471242e+00 1.361748e-01
1.910211e+00 -5.565186e-01
6.654838e-01 6.858011e-01
1.423024e+00 -8.507928e-01
1.870895e+00 -1.138016e+00
2.178352e+00 -8.124316e-01
2.389951e+00 -2.568831e-02
8.370713e-01 -1.067999e+00
2.645757e+00 -1.249015e-01
5.049578e-01 1.512744e-01
1.781616e+00 -8.897141e-01
1.858244e+00 -8.220753e-01
1.450311e+00 7.431500e-01
1.560850e+00 -1.207380e+00
1.013402e+00 -7.104010e-03
2.184047e+00 -2.306580e-01
2.057280e+00 -7.384189e-01
8.184678e-01 -1.265252e+00
1.297035e+00 5.377970e-01
2.350149e+00 -1.286898e+00
5.521224e-01 3.399782e-01
1.526937e+00 -2.417116e-01
3.087012e+00 -6.659246e-01
1.722229e+00 -1.283568e+00
1.577016e+00 3.322034e-01
1.112209e-01 4.035417e-01
2.431911e-01 -4.711881e-01
2.380411e+00 -1.180276e+00
1.904333e+00 -1.559469e+00
1.934566e-01 -2.227903e-01
6.215434e-01 -6.605599e-02
2.038822e+00 -1.099189e+00
1.894733e+00 1.567283e-01
1.636111e+00 -1.155756e+00
9.314779e-01 -9.335542e-02
2.901040e+00 -1.250388e+00
1.771190e+00 -1.799351e-01
2.477242e+00 -1.261276e+00
9.877126e-01 5.409921e-01
3.318771e+00 -1.259817e+00
2.846312e+00 -1.077134e+00
1.219155e+00 2.656442e-01
1.236840e+00 4.557890e-01
2.440099e+00 -4.681858e-01
3.303252e-01 -5.821049e-01
1.351798e+00 -5.280865e-01
2.462798e+00 9.322854e-03
6.019379e-01 -6.641739e-02
6.989202e-01 4.236345e-01
1.179845e+00 4.214368e-03
1.635759e+00 -7.481828e-01
1.320242e+00 -1.567820e+00
5.465835e-01 -1.615160e-01
1.932298e+00 -1.309130e+00
1.270758e+00 -4.816111e-01
8.238615e-01 -1.971203e-01
1.559674e+00 -2.392945e-01
2.855867e+00 -8.898660e-01
2.253960e+00 -8.597973e-03
1.468429e+00 5.073061e-01
1.683828e+00 -5.043876e-02
2.335069e+00 -1.233649e+00
2.037627e+00 -6.370792e-01
-2.339417e-02 2.138075e-01
2.612654e+00 -7.229030e-01
2.530981e+00 -1.086877e+00
2.158879e+00 -4.248154e-01
1.511745e+00 -1.092042e+00
2.405497e+00 -3.140444e-01
3.688400e-01 -9.253303e-02
1.366978e+00 2.009992e-01
6.011763e-01 -8.116624e-02
3.093215e+00 6.947431e-01
2.275280e+00 3.060310e-02
8.499142e-01 4.851784e-01
6.444952e-01 -3.286842e-01
1.798346e+00 -1.111150e+00
1.822785e+00 2.137164e-01
1.625747e+00 -3.485910e-01
1.183252e+00 5.423278e-02
1.165591e+00 3.597025e-01
1.822890e+00 -1.393440e-01
2.739098e+00 -1.200505e+00
7.824942e-01 3.248261e-01
5.516073e-01 -4.333672e-01
2.771651e+00 -1.176685e+00
2.072278e+00 -9.256299e-01
1.600093e+00 1.274467e-01
2.423042e+00 -1.254142e-01
1.020347e-01 -1.776534e-02
4.155618e-01 -7.924103e-01
2.145634e+00 -6.395673e-01
3.504466e+00 -2.128012e+00
1.563472e+00 -1.776891e-01
1.624443e+00 -2.286649e-01
5.216003e-01 1.205502e+00
1.196792e+00 -9.814599e-01
-1.580290e-01 3.837420e-02
4.174267e-01 -6.787487e-01
2.343760e+00 -4.808927e-01
8.687787e-01 -7.525277e-01
1.439143e+00 1.688153e-01
1.222303e+00 -5.644066e-01
1.230990e+00 4.472550e-01
3.351627e+00 -3.696100e-01
3.713963e+00 -7.953797e-01
2.098614e+00 -1.081970e+00
1.815010e+00 -4.354233e-01
8.507330e-01 1.903412e-01
1.924692e+00 -5.078018e-01
1.932064e+00 3.414529e-02
-5.047117e-01 -1.679697e-01
2.501778e+00 -1.326458e+00
2.805861e+00 -1.120343e+00
2.270198e+00 1.234440e-01
2.145730e+00 -1.434541e+00
2.704632e+00 -8.527156e-01
1.325316e+00 2.915783e-01
1.180991e+00 -1.622431e-01
2.176763e+00 -2.187035e-01
1.013875e+00 -4.424527e-01
5.941715e-02 4.280214e-01
5.418223e-01 3.123435e-01
4.344463e-01 3.177535e-01
7.982642e-01 -1.115693e-01
2.878291e+00 -7.978788e-01
4.322761e-01 -3.776307e-01
9.280173e-01 -3.254945e-01
1.355223e+00 -9.230433e-02
1.516839e+00 -3.181598e-01
2.785492e+00 -9.670955e-01
-8.684050e-03 -3.775469e-01
1.798588e+00 -6.640084e-01
-1.334880e-01 1.265558e-01
2.743489e+00 7.453171e-03
1.807506e+00 -2.831150e-01
1.612553e+00 -8.756085e-01
1.831205e+00 -4.951176e-02
