1.875523e+00 -7.738971e-01
1.677428e+00 -6.202510e-01
2.718939e+00 -1.465693e+00
4.738456e-01 -2.346864e-01
4.200206e-01 -3.962282e-01
2.952178e+00 2.978695e-02
7.310220e-01 4.309165e-01
5.046371e-01 -5.340359e-01
2.172428e+00 -8.772715e-01
8.348550e-01 2.062698e-01
1.319483e+00 -1.863306e-01
2.980198e+00 -1.581941e+00
1.492369e+00 -6.238770e-01
2.132674e+00 -6.198767e-02
1.366333e+00 2.653073e-01
2.246141e+00 -2.074473e-01
2.051966e+00 3.553275e-02
1.728655e+00 -9.082499e-01
6.706673e-01 2.562873e-01
1.883189e+00 -4.693955e-01
1.491095e+00 -1.068842e+00
6.597910e-01 3.165810e-01
2.838815e+00 -8.542212e-01
1.324531e+00 -8.775327e-01
2.357336e+00 -2.285463e-01
1.613488e-01 7.154539e-02
1.503713e-03 2.023899e-01
7.424056e-01 -9.597342e-04
1.854373e+00 -1.638871e-01
-6.537250e-02 -5.916177e-03
8.861218e-01 -1.352707e-01
1.105933e+00 -1.493363e-03
1.230496e+00 -1.335186e-01
3.980846e-01 1.897581e-01
2.045591e+00 -2.738811e-01
1.742249e+00 -1.012425e+00
3.159749e+00 -1.398392e+00
1.494493e+00 -5.065418e-01
1.205205e+00 -5.158943e-01
2.445712e+00 -1.861217e-01
3.404396e+00 -1.613010e+00
1.276863e+00 1.368019e-01
1.915723e+00 -1.343162e+00
8.073013e-01 4.433396e-01
5.872446e-01 1.395052e-01
8.728258e-01 3.463680e-01
6.834533e-01 1.299542e-01
2.498637e-01 -8.186233e-02
1.541006e-01 -3.339712e-02
1.718050e+00 -9.954876e-01
6.737444e-01 -8.657581e-02
2.327323e+00 -1.141312e+00
2.170235e+00 -1.114384e+00
2.874813e-02 -2.998836e-02
8.673578e-01 9.078945e-02
-4.084791e-01 8.528187e-02
1.546821e+00 -6.056767e-01
1.415576e+00 -7.166164e-01
1.585183e+00 -6.159450e-01
1.664984e-01 1.960813e-01
8.433358e-01 -1.656472e-01
5.431358e-01 -8.842197e-02
2.216103e+00 -6.555363e-01
3.128718e+00 -1.755761e+00
3.501484e-01 -9.020134e-02
1.304208e+00 -3.901918e-01
2.387944e+00 -1.811101e+00
2.491075e+00 -1.135061e+00
2.669716e+00 -4.698097e-01
1.864226e+00 -5.737213e-01
1.214795e+00 2.615182e-01
3.214731e+00 -1.276068e+00
7.441723e-01 5.573678e-01
1.368511e+00 5.490159e-01
2.197843e+00 -6.006019e-01
2.240134e+00 -1.255869e+00
5.386180e-01 -1.103300e-02
2.673849e+00 -1.361909e+00
2.425396e+00 -1.198517e+00
1.452135e+00 -1.218708e+00
1.223008e+00 -2.966776e-01
7.843312e-01 8.728240e-01
2.500488e+00 -2.296524e-01
1.586295e-01 1.490283e-01
1.656314e+00 -4.935359e-01
1.102269e+00 2.747899e-02
7.750970e-01 1.241440e-02
2.498013e+00 -1.165801e+00
1.188805e+00 1.955679e-01
3.311148e+00 -1.344068e+00
1.174304e+00 -2.015822e-01
1.826441e+00 -4.746445e-01
4.079644e-01 3.126319e-01
1.375833e-01 2.338588e-01
1.261919e+00 -3.951256e-01
1.617485e+00 2.771445e-02
1.162677e+00 -4.956734e-01
2.135722e+00 -6.720823e-01
4.384840e-01 -1.445697e-01
1.314245e+00 -5.587018e-01
1.175533e+00 1.442982e-01
3.166630e+00 -6.437748e-01
1.309877e+00 -9.041110e-01
2.586730e+00 -9.774447e-01
2.733472e-01 3.704559e-01
2.986244e+00 -6.913363e-01
7.803993e-01 2.172231e-01
2.708074e+00 -1.867764e-01
6.433223e-02 -4.056362e-01
1.520225e+00 1.466961e-02
3.046853e+00 -1.747006e+00
2.692337e+00 -1.095365e+00
1.826418e+00 -7.011200e-01
1.341598e+00 -3.024134e-01
1.348623e+00 4.700533e-01
2.054268e+00 -4.606494e-01
1.639858e+00 -6.507611e-01
2.119889e+00 -6.599779e-01
1.659908e+00 -6.102362e-01
1.230861e+00 -1.135028e+00
2.263613e+00 -7.467167e-02
7.485833e-02 2.298058e-01
1.440496e+00 -7.250072e-01
1.451207e+00 -8.382344e-01
1.129194e+00 1.551601e-01
1.374605e+00 -9.963784e-01
9.426870e-01 1.708606e-01
1.925072e+00 -3.779930e-01
1.792595e+00 -3.991833e-01
1.610561e+00 -9.087308e-01
1.020796e+00 -3.818638e-02
2.328019e+00 -1.040898e+00
7.598277e-01 -1.680942e-01
1.255261e+00 -6.427164e-01
2.499136e+00 -1.287495e+00
1.972229e+00 -6.699124e-01
1.366746e+00 -4.496380e-01
8.545754e-01 4.934666e-01
4.250357e-01 3.808557e-02
2.912550e+00 -9.854629e-01
1.326124e+00 -6.748019e-01
3.663410e-01 -7.498779e-02
1.107546e-02 -8.272275e-02
1.270450e+00 -8.027166e-01
1.778278e+00 -7.611310e-01
2.288754e+00 -9.083789e-01
1.365264e+00 -2.592750e-01
2.760938e+00 -1.704247e+00
2.146685e+00 -5.673067e-01
3.140142e+00 -8.706778e-01
8.475169e-01 -1.618972e-02
2.702996e+00 -1.339922e+00
3.257787e+00 -1.799046e+00
8.761333e-01 -8.759678e-03
5.531676e-01 3.771643e-01
2.263067e+00 -3.694095e-01
3.122094e-01 4.944992e-03
1.535278e+00 -8.168648e-01
1.834130e+00 -4.373596e-03
5.150361e-01 1.257298e-01
1.079415e+00 2.802589e-01
1.323657e+00 -9.680393e-01
1.833363e+00 -4.767833e-01
1.629413e+00 -5.680890e-01
2.350557e-01 -1.599501e-01
1.572771e+00 -2.323485e-01
1.887408e+00 -5.311663e-01
7.927607e-01 -5.517452e-02
1.816323e+00 -1.701686e+00
2.902914e+00 -5.481627e-01
1.953157e+00 2.889748e-01
5.491052e-01 6.365499e-01
1.298336e+00 -2.403125e-01
2.713960e+00 -6.124607e-01
2.802626e+00 -3.770539e-01
8.290796e-01 8.934763e-02
3.002389e+00 -1.089531e+00
2.056766e+00 -8.018230e-01
1.839042e+00 -1.547117e-01
2.134838e+00 -9.141418e-01
3.003861e+00 -3.014683e-01
3.261624e-01 4.696320e-01
1.387167e+00 3.826674e-01
7.475882e-01 1.167209e-01
2.330309e+00 -4.885623e-01
2.532748e+00 -1.304496e-01
6.611079e-01 5.583642e-02
1.447747e+00 -6.150621e-01
2.349857e+00 -1.232285e+00
1.702608e+00 2.246421e-01
1.961073e+00 5.846238e-01
5.556263e-01 -1.817652e-01
1.202182e+00 3.702788e-01
2.157651e+00 -1.883668e-01
2.421957e+00 -1.252786e+00
8.956422e-01 -1.386934e-01
1.311801e+00 -5.543058e-01
3.064150e+00 -1.667284e+00
2.198913e+00 -5.401319e-01
1.107167e+00 3.718581e-01
2.329479e+00 -3.472376e-01
8.418829e-02 1.485839e-01
4.981646e-01 1.721801e-01
2.584322e+00 -1.191701e+00
3.117570e+00 -1.523159e+00
9.156094e-01 2.408823e-01
2.522167e+00 -8.159646e-01
3.987153e-01 2.019123e-01
1.574018e+00 -1.063834e+00
6.448171e-01 -5.676649e-02
-7.509372e-02 4.809985e-01
2.423858e+00 -5.147324e-01
1.473381e+00 -3.905805e-01
1.266836e+00 5.219784e-01
1.129195e+00 -1.000421e+00
8.955399e-01 1.865312e-01
2.851266e+00 -4.754330e-01
2.542382e+00 -1.657923e+00
1.571183e+00 -2.937289e-01
1.410560e+00 -7.665846e-01
4.740689e-01 3.208072e-01
1.973446e+00 -7.638009e-01
3.085800e+00 -4.406674e-01
3.186222e-02 -2.176127e-01
2.891835e+00 -1.267150e+00
2.138444e+00 -1.428525e+00
1.952511e+00 -2.467487e-01
3.563678e+00 -1.168160e+00
2.470333e+00 -1.245823e+00
2.789876e+00 -3.400584e-01
8.237255e-01 4.634128e-01
2.074095e+00 -4.626303e-01
8.340240e-01 4.183550e-01
3.265321e-01 1.512569e-01
9.053525e-01 8.211782e-02
7.300596e-01 -5.269843e-01
1.345285e+00 2.567698e-01
2.748429e+00 -1.401173e+00
1.742497e-01 2.684406e-01
1.061843e+00 1.820909e-01
1.218568e+00 -3.434449e-01
7.983890e-01 3.024868e-01
2.378469e+00 -8.592238e-01
-8.407412e-02 2.846485e-02
9.572795e-01 -3.033924e-01
-1.308273e-01 -6.710356e-02
2.433836e+00 -3.632956e-01
2.162885e+00 -2.565963e-01
1.614508e+00 -8.439124e-01
2.490984e+00 -2.251182e-01
