2.453513e+00 -1.023125e+00
1.233245e+00 -4.467192e-01
2.263404e+00 -1.143628e+00
2.393754e-01 -2.340686e-01
-1.609743e-01 2.094155e-01
2.717558e+00 -1.051817e-01
9.589181e-01 -2.155918e-01
7.105507e-03 -5.613224e-02
2.353281e+00 -1.272128e+00
1.006756e+00 2.951101e-02
1.135435e+00 -1.621829e-01
2.813066e+00 -1.381948e+00
1.265813e+00 -8.635794e-01
2.030726e+00 1.315371e-01
8.606353e-01 2.098473e-02
1.764589e+00 -9.360707e-01
1.621675e+00 -9.809312e-02
1.354219e+00 -8.523497e-01
-4.307277e-02 3.575596e-02
1.334974e+00 -5.578541e-01
1.455429e+00 -9.342811e-01
2.752202e-01 -2.740671e-01
2.263626e+00 -9.519830e-01
1.465439e+00 -7.732698e-01
2.668898e+00 -8.278536e-01
-3.416710e-01 -8.657284e-02
1.251838e-01 -2.896463e-01
-7.345713e-02 8.170531e-02
1.938230e+00 1.202250e-01
4.144442e-01 -3.508170e-01
9.487654e-01 1.236679e-01
1.195077e+00 2.110737e-01
1.469090e+00 -2.504941e-01
3.041698e-01 -1.478369e-01
2.294135e+00 -2.658242e-01
1.629775e+00 -1.035391e+00
3.025871e+00 -1.080697e+00
1.545721e+00 -8.757303e-01
1.608894e+00 -8.542538e-01
1.959568e+00 -2.188691e-01
2.822769e+00 -1.636558e+00
8.412591e-01 -5.089135e-02
2.030684e+00 -9.507217e-01
9.353726e-01 2.735102e-01
1.011332e+00 3.756279e-01
5.505584e-01 4.893429e-01
9.309221e-01 -4.842798e-02
2.132836e-01 -1.091284e-01
6.926851e-01 -8.580756e-03
1.453211e+00 -1.055635e+00
5.808643e-01 -1.008089e-01
1.789978e+00 -1.443144e+00
3.037198e+00 -9.551690e-01
7.419322e-01 -6.969214e-02
3.110151e-01 4.409484e-01
8.915536e-02 -2.205254e-01
1.351320e+00 4.188146e-02
1.358993e+00 -6.769156e-01
1.294636e+00 -6.555953e-01
2.665246e-01 1.262871e-01
3.960169e-01 -3.498426e-01
2.472116e-01 2.296651e-01
3.250599e+00 -7.144673e-01
2.815002e+00 -1.229746e+00
6.613458e-01 1.023134e-01
1.109990e+00 6.172790e-02
2.370204e+00 -1.134291e+00
2.812742e+00 -1.635255e+00
2.747721e+00 -1.055608e+00
2.817830e+00 -6.014039e-01
1.032151e+00 5.563086e-01
2.610922e+00 -1.280248e+00
1.092173e+00 -2.112344e-02
1.022358e+00 -4.428718e-01
2.484685e+00 -7.863527e-01
2.440865e+00 -1.047340e+00
7.357652e-02 -4.488840e-01
2.833268e+00 -1.318376e+00
2.434965e+00 -1.018110e+00
1.456486e+00 -1.082395e+00
1.401357e+00 -7.893792e-01
7.498256e-01 1.034005e-01
2.767082e+00 -1.009085e-01
3.652129e-01 2.764509e-01
1.737051e+00 -4.552458e-01
7.045230e-01 7.990672e-02
1.165626e+00 -4.702470e-01
2.124096e+00 -1.447816e+00
8.234031e-01 -5.596297e-02
2.980527e+00 -1.260072e+00
1.266951e+00 -5.796115e-01
2.089431e+00 -4.485402e-01
1.941531e-01 -2.615150e-01
3.310914e-01 -4.142698e-01
1.123304e+00 -4.572068e-01
1.425481e+00 -3.916856e-01
1.368157e+00 -7.032557e-01
2.296212e+00 -8.150262e-01
5.774784e-01 4.537918e-01
1.374868e+00 -1.084154e+00
1.159747e+00 2.709279e-02
2.568248e+00 -1.128986e+00
1.143546e+00 -8.827199e-01
2.698864e+00 2.260176e-02
6.814705e-02 4.193898e-01
2.828449e+00 -7.344154e-01
8.954892e-01 1.084148e-05
2.221081e+00 -4.535228e-01
-4.543739e-01 5.645688e-01
5.295931e-01 8.403238e-02
2.320627e+00 -1.403359e+00
2.670202e+00 -8.067305e-01
2.198505e+00 -5.167707e-01
1.341413e+00 -5.620161e-01
6.612342e-01 2.997938e-02
1.668662e+00 -5.294228e-01
1.452094e+00 -9.841041e-01
2.473531e+00 -2.462352e-01
2.181179e+00 -9.732478e-02
1.374910e+00 -8.606085e-01
2.200147e+00 5.275328e-02
8.483432e-01 6.952005e-02
1.814848e+00 -4.678090e-01
1.135825e+00 -8.705889e-01
1.135977e+00 -2.334156e-01
9.996753e-01 -5.391075e-01
1.252117e+00 -6.427750e-02
1.513420e+00 -4.596456e-01
2.390666e+00 -4.497108e-01
1.547405e+00 -8.821340e-01
1.089622e+00 4.319694e-01
2.302413e+00 -9.514246e-01
5.334839e-01 6.707799e-02
9.512107e-01 -6.543202e-01
1.956806e+00 -9.810614e-01
1.998195e+00 -6.179958e-01
2.026492e+00 -3.359911e-01
5.422622e-01 2.604920e-01
3.256595e-01 1.150004e-01
2.180624e+00 -1.307970e+00
1.622967e+00 -6.146326e-01
1.013738e-01 -7.462811e-02
5.059192e-01 7.403670e-02
1.729273e+00 -1.046468e+00
1.440145e+00 -2.283967e-02
2.559107e+00 -1.172336e+00
7.498941e-01 9.319446e-02
3.015997e+00 -1.426891e+00
2.051427e+00 1.693416e-01
3.077186e+00 -1.452917e+00
6.524974e-01 5.062139e-02
2.941646e+00 -1.235760e+00
3.653038e+00 -1.258828e+00
7.448787e-01 6.578284e-01
7.094934e-01 -1.635396e-01
2.628460e+00 -1.560453e-01
4.571488e-01 2.458572e-01
1.597460e+00 -9.424805e-01
1.629078e+00 2.521681e-01
3.589892e-01 -1.739410e-01
1.546596e+00 5.933377e-01
1.243990e+00 -1.070667e+00
1.315246e+00 -5.541848e-01
1.763503e+00 -9.971254e-01
5.577508e-01 -2.096035e-02
1.409188e+00 -1.094040e+00
1.773088e+00 -7.812786e-01
3.160867e-01 2.678354e-01
1.571502e+00 -1.059406e+00
2.716720e+00 -1.032573e+00
1.761390e+00 -7.582561e-02
8.559949e-01 3.458758e-01
1.158796e+00 -4.547922e-01
2.751031e+00 -1.007679e+00
2.668749e+00 -4.282391e-01
3.583945e-01 2.044969e-01
2.324040e+00 -1.701900e+00
2.159303e+00 -7.931319e-01
1.768326e+00 -3.099741e-01
1.908425e+00 -5.133089e-01
3.055306e+00 -4.781114e-01
7.092117e-01 1.137282e-01
1.247832e+00 2.761377e-01
9.115058e-01 4.175547e-01
2.322318e+00 -1.724296e-01
3.003504e+00 -5.204351e-01
8.284487e-01 3.861131e-01
1.109606e+00 -1.657574e-01
2.262919e+00 -9.732938e-01
1.689183e+00 1.666147e-01
1.943719e+00 1.198852e-01
1.227700e-01 1.694075e-01
1.301359e+00 2.079182e-02
1.907598e+00 -4.323555e-01
2.661980e+00 -1.273056e+00
2.376024e-01 -1.081747e-01
1.455236e+00 -7.486697e-01
3.153921e+00 -1.501918e+00
2.232486e+00 -1.002014e+00
9.879590e-01 -7.297402e-02
1.897537e+00 -4.845486e-02
8.491767e-02 2.598930e-01
5.059509e-01 4.725823e-01
2.357558e+00 -1.073348e+00
2.962450e+00 -1.204816e+00
8.720679e-01 -1.036836e-01
2.281604e+00 -1.021752e+00
7.058107e-01 2.812118e-02
1.220731e+00 -1.253292e+00
3.906675e-01 1.794196e-02
-4.008268e-02 -5.909232e-02
1.843194e+00 -4.489237e-01
1.150304e+00 -2.053524e-01
1.157441e+00 -3.554721e-01
1.534383e+00 -1.257465e+00
1.128909e+00 6.841148e-02
2.979235e+00 -6.073958e-01
3.159253e+00 -1.606360e+00
1.825260e+00 -9.080422e-01
1.976393e+00 -1.318461e-01
6.082249e-01 2.602730e-01
1.781276e+00 -1.160440e+00
2.395194e+00 -6.672263e-01
6.099646e-01 2.268065e-01
2.789129e+00 -8.730086e-01
2.441565e+00 -1.030160e+00
1.768502e+00 1.991546e-01
2.696867e+00 -1.387273e+00
2.555926e+00 -1.022789e+00
1.998179e+00 9.327602e-02
6.798473e-01 6.278193e-01
1.906333e+00 -1.519756e-01
1.254688e+00 7.846579e-02
4.287068e-01 -6.994504e-02
1.434490e-01 -7.674001e-02
6.534364e-01 3.365833e-01
9.121274e-01 -1.276570e-01
3.120282e+00 -1.383104e+00
-2.515770e-01 7.907653e-02
1.347390e+00 2.726136e-02
1.499371e+00 -3.649169e-01
8.540780e-01 1.540100e-01
2.647620e+00 -7.539139e-01
3.131416e-01 -9.430695e-02
1.348809e+00 4.381234e-02
-1.710159e-01 -1.007602e-01
2.449245e+00 -9.235463e-01
2.372950e+00 1.928909e-01
1.914388e+00 -8.534334e-01
1.887206e+00 -3.237903e-01
