2.378478e+00 -1.091552e+00
1.343081e+00 -2.638333e-01
2.438260e+00 -1.184236e+00
1.556334e-01 -3.767733e-02
1.297968e-02 -2.520483e-01
2.730924e+00 -1.461717e-01
1.070196e+00 1.803512e-01
2.168814e-01 -2.685484e-01
2.419190e+00 -1.209355e+00
7.779872e-01 1.112643e-02
1.131778e+00 -6.314294e-02
2.994067e+00 -1.262431e+00
1.526791e+00 -8.751272e-01
1.750268e+00 -2.499426e-02
1.243099e+00 -1.532086e-01
1.662353e+00 -3.714265e-01
1.854199e+00 -3.204457e-01
1.700762e+00 -9.184712e-01
4.660245e-01 5.718133e-03
1.764705e+00 -2.744493e-01
1.235201e+00 -8.904594e-01
4.562156e-01 -7.066924e-02
2.665494e+00 -7.054111e-01
1.332149e+00 -9.113827e-01
2.638602e+00 -9.396642e-01
2.704471e-01 -5.353501e-02
2.025816e-01 4.697803e-02
1.922661e-01 -1.000962e-01
2.076595e+00 -2.072657e-01
-7.670133e-02 1.089313e-01
1.064052e+00 2.717488e-01
1.103308e+00 -1.071928e-01
1.337223e+00 -5.705232e-01
2.092071e-01 1.048645e-01
2.083747e+00 -3.331290e-01
1.558684e+00 -8.087303e-01
3.056117e+00 -1.278258e+00
1.816078e+00 -7.585913e-01
1.408145e+00 -1.026985e+00
1.839822e+00 2.046931e-02
2.681299e+00 -1.548874e+00
9.518657e-01 2.057433e-01
2.317570e+00 -1.226579e+00
8.077534e-01 2.632597e-01
5.526195e-01 8.738998e-02
9.506901e-01 2.717749e-01
8.062037e-01 2.162377e-01
-1.259243e-02 5.776602e-02
5.579308e-01 1.791368e-01
1.559425e+00 -8.324730e-01
4.838548e-01 3.556703e-01
2.309249e+00 -1.128629e+00
2.347742e+00 -1.237639e+00
3.573225e-01 -1.917050e-01
3.667709e-01 -5.947186e-02
-2.002423e-02 1.028252e-01
1.142069e+00 -2.049269e-01
1.783519e+00 -8.627302e-01
1.530775e+00 -7.528362e-01
2.031435e-01 4.765304e-02
5.112319e-01 -9.581239e-02
2.498271e-01 6.459716e-02
2.523313e+00 -8.068627e-01
2.860376e+00 -1.208592e+00
5.131650e-01 2.266420e-01
1.088525e+00 -2.207595e-03
2.320546e+00 -1.268180e+00
2.741407e+00 -1.062663e+00
2.663961e+00 -4.980568e-01
2.493598e+00 -5.272512e-01
1.025567e+00 2.809399e-02
2.752002e+00 -9.446576e-01
7.584063e-01 3.665481e-01
1.076976e+00 -8.714775e-02
2.403194e+00 -5.957894e-01
2.315268e+00 -1.291652e+00
1.813772e-01 1.504388e-01
2.983260e+00 -1.413464e+00
2.460214e+00 -1.014150e+00
1.612296e+00 -1.037225e+00
1.475600e+00 -6.000661e-01
8.202967e-01 1.308713e-01
2.603632e+00 -1.040456e-02
3.348664e-01 -2.914455e-02
2.013183e+00 -2.400791e-01
9.151046e-01 6.445168e-02
1.323127e+00 -2.944951e-01
2.214847e+00 -9.635855e-01
9.445202e-01 -5.125780e-02
2.800590e+00 -1.527954e+00
1.234618e+00 -5.350647e-01
1.714033e+00 -5.947271e-01
4.015714e-01 2.064601e-01
2.307216e-01 2.117328e-01
1.499333e+00 -6.168457e-01
1.946169e+00 -2.622960e-01
1.476521e+00 -6.270235e-01
2.419699e+00 -4.999912e-01
4.308854e-01 -5.368386e-02
1.277952e+00 -7.139377e-01
8.988558e-01 5.618401e-02
2.868688e+00 -9.365951e-01
1.260870e+00 -3.638090e-01
2.451988e+00 -3.580743e-01
3.024023e-01 -1.201236e-01
2.827961e+00 -7.416163e-01
1.131660e+00 2.982725e-01
2.401752e+00 -6.364093e-01
2.849611e-01 -1.718911e-01
9.317373e-01 1.436859e-01
2.987351e+00 -1.266564e+00
2.659258e+00 -6.034760e-01
2.079044e+00 -5.668777e-01
1.216045e+00 -4.694197e-01
7.645058e-01 1.680353e-01
1.749453e+00 -6.029347e-01
1.782175e+00 -7.624619e-01
2.914606e+00 -5.092584e-01
1.868606e+00 -1.223983e-01
1.471594e+00 -7.309637e-01
1.993576e+00 -2.319403e-01
5.278450e-01 6.675725e-02
1.773743e+00 -6.679363e-01
1.439141e+00 -6.039743e-01
8.049841e-01 -1.737408e-01
1.399091e+00 -7.965259e-01
1.104847e+00 2.172404e-01
1.715904e+00 -2.233306e-01
2.100277e+00 -4.075081e-01
1.315727e+00 -9.457917e-01
1.079383e+00 -4.116602e-02
2.564755e+00 -8.427934e-01
4.863846e-01 7.987097e-02
1.354589e+00 -2.678581e-01
2.209013e+00 -1.173794e+00
2.259278e+00 -9.901307e-01
1.885443e+00 -2.309610e-02
9.178931e-01 3.624053e-01
4.239201e-01 1.869970e-02
2.152093e+00 -1.138788e+00
1.338572e+00 -7.721287e-01
4.267853e-01 3.981905e-02
5.077385e-01 -1.856565e-01
1.435497e+00 -9.128107e-01
1.878535e+00 -4.166041e-01
2.304744e+00 -1.001886e+00
1.026197e+00 2.711771e-01
3.064142e+00 -1.408093e+00
2.337274e+00 -5.009691e-01
3.054271e+00 -1.066364e+00
6.670835e-01 1.807088e-01
2.852897e+00 -1.077746e+00
2.965285e+00 -1.452183e+00
8.929988e-01 4.399566e-01
4.116850e-01 4.921889e-01
2.522308e+00 -4.220358e-01
1.838713e-01 1.477738e-02
1.395742e+00 -1.112170e+00
1.862135e+00 -8.136976e-02
4.598090e-01 2.127076e-01
1.100536e+00 3.401175e-01
1.312962e+00 -8.774666e-01
1.238263e+00 -7.850811e-01
1.832547e+00 -7.669266e-01
1.901393e-01 -1.088226e-01
1.581099e+00 -9.393341e-01
1.608147e+00 -9.655511e-01
6.261553e-01 3.296738e-01
1.270489e+00 -9.214431e-01
2.757837e+00 -7.409522e-01
1.980410e+00 -2.329823e-01
8.538825e-01 -7.888781e-02
1.436840e+00 -5.863454e-01
2.630516e+00 -1.058041e+00
2.667869e+00 -6.960474e-01
1.222543e-01 6.263619e-02
2.772111e+00 -1.225197e+00
2.351837e+00 -7.817569e-01
1.801593e+00 -5.052525e-01
2.192976e+00 -8.012424e-01
2.753816e+00 -5.180554e-01
3.923818e-01 5.616050e-03
1.216585e+00 -1.373527e-01
1.013077e+00 3.461633e-01
2.508676e+00 -2.588164e-01
2.580135e+00 -2.465165e-01
1.013474e+00 3.732169e-01
1.032879e+00 3.549961e-01
2.282360e+00 -8.792202e-01
1.872647e+00 -2.275022e-01
1.997048e+00 -9.311751e-02
4.265623e-01 9.644696e-02
1.090528e+00 3.382144e-01
1.953314e+00 -7.617487e-02
2.832032e+00 -1.488941e+00
4.369105e-01 -5.329162e-02
1.410187e+00 -8.159933e-01
2.953124e+00 -1.395633e+00
2.174491e+00 -8.148538e-01
9.951054e-01 -2.392609e-01
1.963071e+00 3.316434e-02
2.504935e-01 4.199454e-04
1.060547e+00 3.708352e-01
2.399295e+00 -9.977382e-01
3.002422e+00 -1.378392e+00
1.221987e+00 2.761574e-02
2.101439e+00 -9.680714e-01
6.098895e-01 4.059467e-02
1.447373e+00 -1.039425e+00
2.921670e-01 1.255089e-01
1.104916e-01 -1.491663e-01
2.131789e+00 -7.944924e-02
1.401646e+00 -4.028512e-01
8.796524e-01 -1.610657e-01
1.295686e+00 -8.278940e-01
9.572857e-01 8.445895e-03
2.863283e+00 -3.833549e-01
2.758049e+00 -1.210236e+00
1.866691e+00 -3.706278e-01
1.699127e+00 -5.533765e-01
5.123622e-01 3.447763e-01
1.549332e+00 -9.170628e-01
2.452551e+00 -2.466419e-01
-3.059153e-02 1.087658e-01
2.835939e+00 -1.159972e+00
2.261626e+00 -1.248310e+00
2.001130e+00 -3.849618e-02
2.812218e+00 -1.288693e+00
2.305624e+00 -1.257539e+00
1.826753e+00 2.861176e-02
8.781409e-01 1.463821e-01
1.934824e+00 -1.728323e-01
8.751676e-01 1.783425e-01
2.169032e-01 1.637161e-01
2.305147e-01 -4.561088e-02
6.065298e-01 2.979505e-01
6.987377e-01 1.876548e-02
2.974031e+00 -1.363918e+00
9.301601e-02 7.058885e-02
1.082192e+00 1.621139e-01
1.198472e+00 -4.437625e-01
5.867161e-01 2.187953e-01
2.269373e+00 -1.109235e+00
3.530567e-01 -2.593259e-01
1.094076e+00 6.249797e-02
3.413952e-01 1.000276e-02
2.601688e+00 -4.611709e-01
2.279605e+00 -4.642605e-01
1.561707e+00 -7.458745e-01
1.945759e+00 -3.188255e-01
