2.299710e+00 -9.575532e-01
1.258657e+00 -1.473149e-01
2.121357e+00 -8.922013e-01
1.731078e-01 5.673901e-01
3.693038e-01 -9.842142e-02
2.662118e+00 -5.575230e-01
1.202951e+00 -1.020200e-01
4.208701e-01 -3.490578e-01
2.217400e+00 -1.436928e+00
3.725106e-01 3.287175e-01
1.359339e+00 -5.422193e-01
3.433353e+00 -1.011068e+00
1.120650e+00 -6.774341e-01
1.814422e+00 -1.444641e-01
1.259527e+00 1.023800e-01
1.635588e+00 -6.552971e-01
1.751739e+00 7.837589e-02
1.199876e+00 -8.759415e-01
8.382257e-01 2.353609e-01
2.070022e+00 -4.558157e-01
1.265218e+00 -9.486551e-01
1.610731e-01 5.678616e-01
2.504041e+00 -4.213733e-01
1.843545e+00 -1.084798e+00
1.945002e+00 -5.903176e-01
2.268098e-01 -1.174172e-01
-1.664203e-01 5.570078e-02
1.666693e-01 5.854336e-02
1.631848e+00 -5.913610e-02
2.232448e-01 -3.816430e-01
1.410209e+00 1.588552e-01
1.324191e+00 -3.423117e-01
1.472152e+00 -9.234934e-01
5.299534e-02 6.256086e-02
1.776657e+00 -2.942147e-01
2.167247e+00 -7.858274e-01
3.166618e+00 -1.328421e+00
1.636732e+00 -1.089620e+00
1.643619e+00 -3.289841e-01
2.041296e+00 -1.950910e-01
3.225279e+00 -1.126340e+00
1.128164e+00 5.534180e-02
2.671492e+00 -1.148866e+00
1.081112e+00 3.597364e-02
5.646085e-01 2.347430e-01
4.233682e-01 1.269877e-01
3.874173e-01 -1.774942e-01
6.146422e-01 -1.539047e-01
3.330828e-01 8.920177e-02
1.310444e+00 -1.082089e+00
1.263065e+00 3.291979e-01
2.611267e+00 -8.071707e-01
2.484817e+00 -1.120480e+00
-4.530261e-02 -9.222936e-02
3.781046e-01 -1.556755e-01
3.890364e-01 2.747616e-01
1.452135e+00 -2.748727e-01
1.429146e+00 -4.517866e-01
1.691673e+00 -7.375784e-01
3.682758e-01 5.912181e-02
9.459330e-01 -1.044224e-01
2.715086e-01 4.260917e-01
2.812580e+00 -8.108774e-01
2.909611e+00 -1.183132e+00
4.108488e-01 -1.360833e-02
1.259315e+00 3.591229e-02
2.107825e+00 -1.194777e+00
2.741035e+00 -9.762685e-01
3.182061e+00 -1.023992e+00
2.813802e+00 -7.311302e-01
5.953208e-01 2.726207e-02
2.892407e+00 -9.019311e-01
8.652379e-01 1.984006e-01
8.778742e-01 1.015428e-01
2.412017e+00 -5.780951e-01
2.097018e+00 -1.000638e+00
5.651322e-01 3.722902e-01
2.774321e+00 -1.155060e+00
2.315248e+00 -1.236054e+00
1.967005e+00 -8.176192e-01
1.656072e+00 -9.060983e-01
8.438548e-01 3.599558e-01
2.491048e+00 1.607862e-02
3.947597e-02 9.332282e-02
1.676327e+00 -6.963369e-01
1.224647e+00 2.534608e-01
1.295512e+00 -3.978452e-01
2.355065e+00 -7.407856e-01
9.610906e-01 7.386016e-02
3.012273e+00 -1.417279e+00
9.151078e-01 -5.852901e-01
1.969986e+00 -3.553799e-01
-2.013950e-02 3.241668e-01
5.596510e-01 -4.987532e-02
1.893909e+00 -7.608675e-01
1.545963e+00 -5.040895e-01
1.399733e+00 -1.059675e+00
2.444502e+00 5.510358e-02
1.361590e-02 -1.042024e-01
1.083769e+00 -6.980523e-01
9.420437e-01 -4.912931e-02
2.781119e+00 -7.866216e-01
1.664174e+00 -6.293314e-01
2.714816e+00 -2.820580e-01
1.201640e-02 -3.216275e-02
2.654199e+00 -4.750658e-01
1.407496e+00 -8.841633e-03
2.473953e+00 -9.381711e-01
1.535774e-01 4.466920e-02
5.751414e-01 -2.938695e-03
2.677603e+00 -1.669590e+00
2.109785e+00 -7.408534e-01
2.106815e+00 -4.843504e-01
1.409004e+00 -7.618878e-01
5.481735e-01 8.152605e-01
1.975529e+00 -3.684871e-01
1.313935e+00 -1.008892e+00
2.164042e+00 -3.518324e-01
2.363712e+00 -4.827704e-01
1.141001e+00 -8.446100e-01
1.991446e+00 -2.339274e-01
3.936066e-01 -5.300932e-02
1.691408e+00 -5.946697e-01
1.336513e+00 -6.793239e-01
6.328664e-01 2.673857e-01
1.404467e+00 -9.184326e-01
1.005655e+00 -3.825464e-03
1.738812e+00 -2.825151e-01
1.932881e+00 -7.666598e-01
1.073507e+00 -8.454328e-01
1.041860e+00 7.171557e-02
2.177537e+00 -9.330543e-01
3.799124e-01 -7.166847e-02
1.212841e+00 -2.415293e-01
2.737782e+00 -1.006777e+00
2.401279e+00 -4.497652e-01
1.815535e+00 -1.919951e-01
5.345114e-01 5.921352e-02
2.007314e-01 -1.745808e-01
2.341876e+00 -1.005016e+00
1.271161e+00 -1.019234e+00
4.577271e-01 -2.589476e-01
1.785816e-01 2.426081e-01
1.805263e+00 -1.354944e+00
1.928918e+00 -7.748548e-01
2.209454e+00 -1.191105e+00
1.131670e+00 1.623780e-01
2.709842e+00 -1.665001e+00
2.096759e+00 -3.594399e-01
2.762568e+00 -9.410219e-01
7.435305e-01 5.670290e-01
2.618570e+00 -1.398492e+00
3.016389e+00 -9.028586e-01
5.770247e-01 2.435397e-01
9.925245e-01 1.982473e-01
2.912084e+00 1.921754e-01
4.194880e-01 1.292872e-01
1.747841e+00 -1.187689e+00
1.581255e+00 -5.975590e-02
2.729957e-01 3.145416e-01
1.020751e+00 4.658709e-01
1.046560e+00 -3.877289e-01
9.058044e-01 -1.197289e+00
1.880919e+00 -8.123954e-01
2.758596e-01 5.411557e-02
1.913878e+00 -1.442729e+00
1.784795e+00 -5.801400e-01
5.317866e-01 9.660798e-03
1.517258e+00 -1.141755e+00
2.887481e+00 -7.148579e-01
1.525294e+00 -3.725510e-01
6.235512e-01 2.740409e-01
1.557424e+00 -8.858749e-01
2.665028e+00 -1.237319e+00
2.728660e+00 -6.278899e-01
3.634518e-01 3.605356e-01
3.292703e+00 -1.574027e+00
2.384942e+00 -8.944954e-01
1.952359e+00 -8.411536e-01
1.913744e+00 -8.842194e-01
2.733945e+00 -5.011004e-01
4.511263e-01 3.161120e-01
1.658412e+00 9.177106e-02
1.051075e+00 1.962702e-01
2.390167e+00 -4.226565e-01
2.618726e+00 -5.980645e-01
1.106524e+00 6.081666e-01
1.037221e+00 4.179985e-01
2.527097e+00 -1.155440e+00
1.477522e+00 -2.701860e-01
1.966434e+00 -4.052489e-01
7.482109e-01 5.211504e-01
1.101969e+00 -1.689633e-01
2.143523e+00 -3.786081e-01
3.147405e+00 -1.226808e+00
6.438752e-01 2.939273e-01
1.553364e+00 -3.662408e-01
2.947595e+00 -1.452509e+00
1.701606e+00 -1.476934e+00
1.263293e+00 -4.622301e-02
1.738808e+00 -3.845223e-01
3.461386e-01 -2.682768e-01
1.305628e+00 8.179197e-01
2.217305e+00 -8.624597e-01
3.074667e+00 -1.614026e+00
8.290380e-01 1.674619e-02
1.881878e+00 -3.583568e-01
6.521414e-01 -6.855809e-02
1.430377e+00 -7.598392e-01
3.192608e-02 -5.168608e-01
1.461339e-01 -3.254939e-01
1.896120e+00 -2.083247e-01
1.048949e+00 -2.553389e-01
1.430529e+00 -2.813533e-02
1.948822e+00 -6.756223e-01
7.968124e-01 -1.615404e-03
2.412538e+00 -2.929029e-01
3.310789e+00 -1.427458e+00
1.335557e+00 -3.491846e-01
1.557793e+00 -7.066943e-01
8.466978e-01 5.400640e-01
1.864068e+00 -6.965058e-01
2.528176e+00 -8.108030e-01
1.433255e-01 1.657045e-01
2.690287e+00 -1.143779e+00
2.670491e+00 -1.264678e+00
1.943170e+00 -1.388220e-01
3.039836e+00 -1.149266e+00
2.474990e+00 -7.228467e-01
1.890473e+00 -3.374655e-01
1.202415e+00 2.613509e-01
1.874172e+00 -2.216074e-01
5.084455e-01 2.995570e-01
-1.719483e-01 1.498560e-01
2.064708e-01 -3.369877e-01
7.975042e-01 6.674006e-01
9.695681e-01 1.685148e-01
2.734093e+00 -1.284955e+00
1.611772e-01 1.129288e-03
1.310466e+00 4.041884e-01
9.720819e-01 -3.977557e-01
2.689250e-01 2.075980e-02
2.639286e+00 -9.758763e-01
-2.718966e-01 2.403418e-01
9.864326e-01 1.676818e-01
1.807895e-01 -2.212989e-01
2.788466e+00 -3.866758e-01
2.185927e+00 -6.374198e-01
1.360787e+00 -9.955610e-01
1.895732e+00 1.018837e-01
