1.907602e+00 -8.803781e-01
1.055339e+00 -1.294862e-01
3.418598e+00 -1.566264e+00
2.145343e-02 -7.905913e-02
2.965650e-01 -1.053614e+00
2.685594e+00 -4.035613e-01
1.017962e+00 1.065695e-01
3.991606e-01 1.378043e-01
1.815148e+00 -1.259725e+00
5.152791e-01 4.144870e-01
6.434721e-01 1.279330e-01
3.691870e+00 -2.559478e+00
1.380860e+00 -1.777320e+00
1.929591e+00 2.560196e-01
8.791019e-01 3.991080e-01
2.391215e+00 -3.301903e-01
1.649558e+00 3.387092e-02
2.421731e+00 -1.434476e+00
9.437584e-01 -5.205775e-01
1.124372e+00 -9.738850e-01
1.538385e+00 -3.942309e-01
-5.716756e-01 4.554831e-01
2.474688e+00 -1.077038e+00
1.684156e+00 -1.024285e+00
3.531440e+00 -4.885131e-01
8.240741e-02 2.778054e-01
7.272285e-01 6.266194e-01
5.902234e-01 5.975528e-01
2.456556e+00 2.688460e-01
-1.590814e-01 5.605859e-01
8.522171e-01 2.138384e-01
9.421838e-01 2.807127e-01
1.877309e+00 -6.954224e-01
-3.452217e-01 4.514613e-01
2.311665e+00 4.029202e-01
2.087652e+00 -3.761444e-01
2.666354e+00 -9.800670e-01
2.626900e+00 -1.093899e+00
1.003496e+00 -8.996009e-01
2.441178e+00 -3.090861e-02
3.742941e+00 -1.769213e+00
3.363977e-01 7.754843e-01
1.751812e+00 -1.036394e+00
1.483491e+00 3.381289e-01
3.972251e-01 7.830537e-01
8.090226e-01 1.200698e-01
1.446880e+00 3.942851e-02
-2.640578e-01 -4.078939e-01
1.010560e+00 2.615878e-01
1.356515e+00 -1.604213e+00
1.438388e+00 2.692365e-02
1.546113e+00 -1.161263e+00
2.896860e+00 -7.411097e-01
3.496997e-01 -1.953140e-01
1.664446e-01 6.203332e-01
-8.760326e-01 -4.279422e-01
1.162625e+00 -1.143265e+00
1.589326e+00 -1.335920e+00
1.821490e+00 -1.188786e+00
3.358642e-02 -3.079060e-01
7.503292e-01 2.891586e-02
7.744651e-01 5.593832e-01
2.662894e+00 -1.093093e+00
2.784334e+00 -1.551373e-01
1.903045e-01 -6.851000e-03
1.190120e+00 2.585539e-01
2.406702e+00 -4.045073e-01
2.498588e+00 -1.234773e+00
3.232711e+00 -1.240151e+00
2.788882e+00 -7.358714e-01
1.481957e+00 8.412082e-01
2.781215e+00 -1.550594e+00
-5.036620e-02 3.380657e-01
1.762439e-01 -1.130594e-01
1.918679e+00 -4.015384e-01
2.353960e+00 -1.457670e+00
6.404025e-01 -5.020478e-01
3.137129e+00 -3.361568e-01
2.883388e+00 -1.187914e+00
1.112958e+00 -5.381642e-01
7.819453e-01 -5.971854e-01
1.097779e+00 -2.211469e-01
2.220233e+00 -9.489228e-01
8.183769e-01 7.442426e-01
2.571520e+00 4.201037e-01
7.115162e-01 -6.570062e-01
2.002660e+00 8.982673e-02
2.649057e+00 -1.525355e+00
1.175716e+00 5.462160e-03
2.933238e+00 -1.753793e+00
4.710842e-01 -9.209909e-01
5.096543e-01 -6.221684e-01
6.277976e-02 -5.130735e-01
3.280607e-01 -1.770181e-01
1.194120e+00 7.246612e-02
1.719505e+00 -4.619014e-02
8.510432e-01 -5.001432e-01
2.476082e+00 -6.368854e-01
-1.616093e-01 -4.758074e-01
1.187009e+00 -2.806036e-02
3.809655e-01 8.744922e-01
2.502249e+00 -9.075325e-01
1.769009e+00 -7.182738e-01
2.603742e+00 2.530621e-01
8.144424e-01 3.212838e-01
2.714897e+00 -7.474328e-01
4.870033e-01 5.756384e-02
2.184277e+00 -5.886939e-01
2.366540e-01 4.798335e-01
2.660051e-01 -8.079354e-02
3.424033e+00 -2.319473e-01
2.293164e+00 -9.704586e-01
1.539622e+00 -1.377139e+00
1.341094e+00 -1.002041e-02
5.086030e-01 4.451607e-02
1.703841e+00 -8.474798e-01
1.548473e+00 -3.358141e-01
2.366686e+00 -6.255721e-01
1.956197e+00 -3.756975e-01
1.461289e+00 -1.961585e+00
2.210933e+00 -5.359883e-01
2.191580e-01 7.278186e-02
1.078302e+00 -1.421612e-01
9.781079e-01 5.416022e-01
1.356270e+00 -2.051112e-01
1.279436e+00 -7.424100e-01
1.706294e+00 6.347558e-01
2.236642e+00 -4.469188e-01
1.847403e+00 -6.840875e-02
2.125732e+00 -1.018979e+00
7.415353e-01 -3.766500e-01
1.714909e+00 -1.128980e+00
3.655506e-01 6.931821e-02
1.475342e+00 -5.265825e-01
3.108184e+00 -1.660513e+00
2.494134e+00 -1.274730e+00
1.623836e+00 1.467636e-02
1.230392e+00 1.038744e-01
3.458683e-01 5.700625e-01
1.735885e+00 -7.667798e-01
1.287617e+00 -8.318209e-01
7.758914e-01 -4.199303e-01
3.416598e-02 3.238810e-01
1.473069e+00 -1.268795e+00
1.898516e+00 -8.930210e-01
1.777637e+00 -2.241544e+00
1.105381e+00 2.204214e-01
3.206574e+00 -8.191793e-01
1.946172e+00 -2.322847e-01
3.019186e+00 -1.440173e+00
-2.116306e-02 -3.479171e-01
2.855201e+00 -7.712879e-01
3.675763e+00 -1.485674e+00
8.512717e-01 1.075800e+00
8.947864e-01 2.475150e-01
2.751655e+00 -3.531442e-02
-2.034276e-01 3.569113e-01
1.759707e+00 -4.718893e-01
2.174002e+00 3.601928e-01
1.398395e-02 -2.170416e-01
1.010895e+00 -1.311266e-01
1.731941e+00 -1.275105e+00
1.408676e+00 -1.172308e+00
1.388770e+00 -1.303699e+00
3.962452e-01 -1.009139e-02
2.415362e+00 1.572772e-01
9.920327e-01 -1.763361e+00
1.175840e-01 1.555452e-01
2.053078e+00 -1.179370e+00
3.061512e+00 -1.193179e+00
1.694566e+00 -6.740352e-02
9.148254e-01 2.041427e-01
8.525315e-01 -6.586379e-02
2.996958e+00 -4.503311e-01
2.244254e+00 -5.032314e-01
2.376833e-01 -3.636995e-01
2.974013e+00 -2.043642e+00
2.616161e+00 -1.462043e+00
1.647031e+00 -1.502631e+00
2.998315e+00 -4.201610e-01
2.719321e+00 -6.275959e-01
5.230497e-02 1.834081e-02
1.282204e+00 -2.014584e-01
1.075140e+00 1.076811e+00
2.129899e+00 -2.347483e-01
3.416749e+00 -4.478693e-01
8.401754e-01 4.358710e-01
1.310860e+00 6.193765e-01
2.274164e+00 -1.254462e+00
2.164317e+00 -5.805434e-01
2.091844e+00 -7.145296e-02
4.163878e-01 -3.083844e-03
1.508027e+00 3.546045e-01
2.334505e+00 -3.410147e-01
2.122697e+00 -1.347656e+00
6.581518e-01 8.303194e-02
1.224126e+00 -7.129171e-01
2.782791e+00 -1.304750e+00
1.332191e+00 -5.607293e-01
1.376054e+00 9.502501e-01
1.622287e+00 -3.324829e-01
2.393187e-01 -3.774190e-02
1.608903e+00 4.642394e-02
2.373138e+00 -1.282913e+00
3.650292e+00 -1.147876e+00
1.781434e+00 1.359173e+00
1.823208e+00 -1.459837e-01
5.981370e-01 -9.783976e-02
7.927967e-01 8.131990e-02
6.639537e-01 -1.200309e-01
3.944125e-01 -8.352831e-01
2.052086e+00 -6.684645e-01
1.846431e+00 4.606939e-01
1.467969e+00 4.861874e-01
1.151053e+00 -5.379713e-01
4.089335e-01 -5.639007e-01
2.680732e+00 -2.136788e-01
3.248821e+00 -1.903520e+00
1.102699e+00 -6.424982e-01
1.378904e+00 -2.536191e-01
3.130279e-01 1.107004e+00
1.842255e+00 -8.699979e-01
2.051191e+00 -1.075202e+00
-8.807276e-02 -2.742061e-01
2.059735e+00 -4.349532e-01
1.895629e+00 -1.007883e+00
2.209802e+00 -8.452019e-01
2.700325e+00 -1.856934e+00
2.603593e+00 -1.074181e+00
1.958076e+00 -4.689095e-01
1.478357e+00 3.359487e-02
1.356678e+00 -5.565724e-01
-7.626950e-02 -5.281861e-02
-2.156672e-01 2.919092e-01
5.945734e-01 1.072172e-01
9.493964e-01 -4.269794e-01
1.003482e+00 -4.072314e-01
2.759530e+00 -1.196881e+00
-2.372996e-01 7.343702e-01
9.299909e-01 3.860708e-01
1.167966e+00 -4.120178e-01
5.804939e-01 3.039875e-01
3.236312e+00 -2.697540e-01
-8.839793e-02 -1.251884e-01
1.145119e+00 2.438992e-01
8.871374e-01 5.656572e-01
2.451198e+00 -2.849765e-01
2.243740e+00 -7.929770e-01
2.092563e+00 -2.022199e+00
2.458602e+00 7.431987e-02
