-6.242362999999999905e-03
1.513640771578947386e-01
3.089705173157895057e-01
4.665769574736842729e-01
6.241833976315789290e-01
7.817898377894736406e-01
9.393962779473684632e-01
1.097002718105263286e+00
1.254609158263157997e+00
1.412215598421052709e+00
1.569822038578947421e+00
1.727428478736842132e+00
1.885034918894737066e+00
2.042641359052631334e+00
2.200247799210526267e+00
2.357854239368420757e+00
2.515460679526315690e+00
2.673067119684210624e+00
2.830673559842105114e+00
2.988280000000000047e+00
