-6.242362999999999905e-03
2.400533763636363699e-02
5.425303827272727475e-02
8.450073890909090557e-02
1.147484395454545503e-01
1.449961401818181950e-01
1.752438408181818119e-01
2.054915414545454566e-01
2.357392420909091013e-01
2.659869427272727460e-01
2.962346433636364185e-01
3.264823440000000354e-01
3.567300446363636524e-01
3.869777452727273248e-01
4.172254459090909418e-01
4.474731465454546142e-01
4.777208471818182312e-01
5.079685478181817926e-01
5.382162484545454095e-01
5.684639490909091375e-01
5.987116497272727544e-01
6.289593503636363714e-01
6.592070509999999883e-01
6.894547516363636053e-01
7.197024522727272222e-01
7.499501529090909502e-01
7.801978535454545671e-01
8.104455541818181841e-01
8.406932548181818010e-01
8.709409554545454180e-01
9.011886560909091459e-01
9.314363567272727629e-01
9.616840573636363798e-01
9.919317579999999968e-01
1.022179458636363725e+00
1.052427159272727453e+00
1.082674859909090959e+00
1.112922560545454687e+00
1.143170261181818415e+00
1.173417961818181920e+00
1.203665662454545648e+00
1.233913363090909154e+00
1.264161063727272882e+00
1.294408764363636610e+00
1.324656465000000116e+00
1.354904165636363844e+00
1.385151866272727350e+00
1.415399566909091078e+00
1.445647267545454584e+00
1.475894968181818312e+00
1.506142668818182040e+00
1.536390369454545546e+00
1.566638070090909274e+00
1.596885770727272780e+00
1.627133471363636508e+00
1.657381172000000236e+00
1.687628872636363742e+00
1.717876573272727470e+00
1.748124273909090975e+00
1.778371974545454703e+00
1.808619675181818431e+00
1.838867375818181937e+00
1.869115076454545665e+00
1.899362777090909171e+00
1.929610477727272899e+00
1.959858178363636627e+00
1.990105879000000133e+00
2.020353579636363417e+00
2.050601280272727145e+00
2.080848980909090873e+00
2.111096681545454601e+00
2.141344382181818329e+00
2.171592082818181613e+00
2.201839783454545341e+00
2.232087484090909069e+00
2.262335184727272797e+00
2.292582885363636525e+00
2.322830585999999808e+00
2.353078286636363536e+00
2.383325987272727264e+00
2.413573687909090992e+00
2.443821388545454720e+00
2.474069089181818004e+00
2.504316789818181732e+00
2.534564490454545460e+00
2.564812191090909188e+00
2.595059891727272916e+00
2.625307592363636200e+00
2.655555292999999928e+00
2.685802993636363656e+00
2.716050694272727384e+00
2.746298394909091112e+00
2.776546095545454396e+00
2.806793796181818124e+00
2.837041496818181852e+00
2.867289197454545580e+00
2.897536898090908863e+00
2.927784598727272591e+00
2.958032299363636319e+00
2.988280000000000047e+00
