1.457331501082546055e-01
-1.104440185151601972e-01
-2.816134189116281661e-02
1.153756089537976981e-01
-7.270225167782734532e-02
2.349997410717124743e-02
1.754295716293043372e-01
1.199739058686508375e-01
-3.276633710598170213e-02
3.046754101923257463e-01
-1.501601426540737604e-02
-1.012535776460530279e-01
1.449907489593539323e-01
-5.412422899155456824e-01
-4.210774221089389480e-01
-2.239237159865145599e-01
-8.533467925128851439e-01
-3.647599624942501895e-02
-7.835238213905634796e-02
-3.842201403801953630e-01
5.969927744387241164e-01
-9.197183684601758502e-01
-4.245532870468675390e-02
-9.349151570512063136e-01
-4.579743841522353476e-01
9.540264265743668426e-02
-4.884953007813057635e-01
2.061618856986420778e-01
-1.085966312952419521e+00
-7.081744676973653618e-01
