-6.242362999999999905e-03
9.701702882758621305e-02
2.002764206551724269e-01
3.035358124827586823e-01
4.067952043103448823e-01
5.100545961379310267e-01
6.133139879655172821e-01
7.165733797931034266e-01
8.198327716206896820e-01
9.230921634482759375e-01
1.026351555275862193e+00
1.129610947103448337e+00
1.232870338931034704e+00
1.336129730758620848e+00
1.439389122586206993e+00
1.542648514413793359e+00
1.645907906241379504e+00
1.749167298068965648e+00
1.852426689896552015e+00
1.955686081724138159e+00
2.058945473551724081e+00
2.162204865379310448e+00
2.265464257206896370e+00
2.368723649034482737e+00
2.471983040862069103e+00
2.575242432689655026e+00
2.678501824517241392e+00
2.781761216344827758e+00
2.885020608172413681e+00
2.988280000000000047e+00
