2.705783203818906690e-01
-5.845832314118371009e-01
5.864062708589366096e-02
9.808247967362170305e-01
-6.753323725666965371e-01
-7.410775602055813538e-01
9.198857412066537842e-01
1.705386113091028888e-01
-7.581395220474381746e-01
5.192794259048177929e-01
-3.875345554095498968e-01
-2.058995204863874606e-01
9.887487307930578062e-01
-6.383795713516875470e-01
-3.514309321674494169e-01
4.761325637713524905e-01
-3.082631560606022836e-01
8.940403596277213261e-01
-4.460771424931667672e-01
-1.212042818607187211e+00
1.415801567471789202e+00
-2.587359854298936224e-01
3.806860673073038104e-01
-7.120563323827361346e-01
2.445291347160433448e-01
6.500546856237655602e-01
-8.085273200452395281e-01
7.886417669046735801e-01
-1.009791699251043895e-01
-2.446520586354393803e-02
-7.858141290960464209e-01
1.447244355972054253e+00
-2.209490446759530546e-01
-9.616354074019520803e-01
1.053310435073645079e+00
-8.224310183057210732e-01
1.048407322231714067e+00
-7.083614619245782729e-01
-2.565606656933243634e-01
4.524991425829101854e-01
1.797363239741815721e-01
-5.238068620603735237e-01
-2.097167411625497635e-01
3.792262541229298178e-01
-4.963125508226596261e-01
-1.101925109750321596e-01
-5.548492566395112346e-01
5.222912635837894113e-01
-2.370312842106553353e-02
-1.597508345473052538e+00
8.415407739949045673e-01
-3.313326973280832088e-02
-9.423860913568929965e-01
-2.667841920167003944e-01
5.072072749040616030e-02
3.869471926736199330e-01
-8.994742272297605590e-01
-3.283010544586992818e-01
-5.970831605223690663e-02
3.636867251442659210e-01
-6.871708691088219689e-01
3.811477159004885706e-01
-1.653464688297189844e-01
-6.848431548551583425e-01
4.864157419170546115e-01
4.641915893682527772e-01
-9.655994310203419584e-01
5.093180750921184607e-01
2.745515913363558713e-01
-7.291866721996098644e-01
-1.961910697237022050e-01
5.162423576303918349e-01
-9.122187782560341462e-01
1.372082605737400041e+00
-2.372306374743019752e+00
7.943425799075407578e-01
-3.671461857239387006e-01
-5.341154857803920297e-01
5.472996724584812123e-01
-1.298683340721470625e+00
-1.444985510364630577e-01
-3.502125559494831397e-01
6.686614608967967888e-01
-7.676519571306812395e-01
-5.648700454224160339e-01
-2.913611465375219312e-01
8.073756324667851203e-01
4.730028433401035903e-02
-7.932157128911766497e-01
2.227008743493050780e-01
-3.161040947092381703e-01
5.630996432961860032e-01
-8.193597022708961619e-01
-3.475760865059002863e-02
1.063681408373966658e-01
-1.135441984269978999e+00
2.178223786720543120e-01
-1.789557620517311376e-01
-5.765416131659646393e-01
-7.347367082580599229e-01
