4.256287757678273720e-01
-3.712042799314758668e-01
-1.921837075964974162e-01
5.833734716099265860e-01
-3.708105523127189773e-01
-3.687023173051479086e-01
5.970365379185066379e-01
-9.036062307580471076e-02
-5.161228746176370619e-01
8.114076403033411156e-01
-2.333739247499879155e-01
-3.064255775377146551e-01
8.060692586357766087e-01
-4.440196388624536028e-01
6.846817427240060872e-02
6.303808127049066456e-01
-6.754791413480174533e-01
5.671275913368952759e-01
7.406003307313724360e-02
-7.268273483237782662e-01
8.614580670312214083e-01
-9.377320890089121397e-01
3.420411614255388089e-01
-7.299633200548828471e-01
-2.540982809056265834e-01
1.458134205190410593e-01
-1.127198328032357644e+00
2.327756983780048805e-01
-5.405714263493708316e-01
9.724943732584449829e-02
-8.482741822771351359e-01
8.421450041902693862e-01
-4.051969579702223712e-01
-5.187732600461426591e-01
1.099754450774280246e+00
-1.360757416228544958e+00
5.987755967544778901e-01
-7.491775801725105710e-01
-5.029750169491598033e-01
-3.452433882730953640e-01
-3.582195605130849558e-01
-4.538505898375665981e-01
-1.901000108942086653e-01
1.769332533391120288e-01
-3.966818547862094313e-01
2.542254502913223191e-01
-7.557168954774251546e-01
-3.134208394020777666e-01
-2.101276078133453573e-01
-1.146278007246616104e+00
