3.245835703534874495e-02
-3.800141531066773826e-02
6.978721665777034427e-03
3.523908230908548433e-02
7.746928865278066012e-02
1.761823044721525233e-01
1.176027831021002612e-01
6.823866453893515094e-02
-2.595774774158803866e-01
-4.718862593326208499e-01
-6.448165186742509380e-01
-4.723068481173239852e-01
-3.005430909639574336e-02
1.204102845841709991e-02
-4.960191310216811589e-01
-8.453301737735992027e-01
-5.124065630822316475e-01
1.574589364495786459e-01
-7.227112007290329432e-01
-1.064777008649881784e+00
