4.716351805557105759e-01
-5.904585600205880525e-01
-1.545236636040052680e-01
8.773543170497001276e-01
-4.868834294324242973e-01
-5.566160673187328101e-01
7.865231352728987435e-01
-6.586113227797113501e-02
-6.956639408686166037e-01
8.088799961979443731e-01
-3.105047251534618913e-01
-4.593879750712174803e-01
8.228927709515213573e-01
-4.268750346238204818e-01
-1.030199674149313988e-01
3.570787455349764272e-01
-5.916479471496389753e-01
8.898012551242415746e-01
-1.807319547842317076e-01
-1.047053062397661272e+00
1.294768938508953582e+00
-4.798842019079266885e-01
3.480172597201092732e-01
-5.301977195302565171e-01
3.883407587776037673e-01
5.769037497348510346e-01
-9.855104904147121703e-01
7.528006863588412312e-01
7.573322172737342872e-02
1.382270808376693250e-01
-8.848945262030554204e-01
1.223484568371805636e+00
-2.070475905447922149e-01
-7.266488670566669805e-01
1.126077811594941913e+00
-9.969470074984390084e-01
9.461769970369352523e-01
-5.988807290206594747e-01
-1.515084296164969091e-01
4.099852339014021241e-01
1.161329473177155763e-01
-5.074933625405317894e-01
-2.044429328008381119e-01
3.390450959237279460e-01
-4.700146476048673860e-01
-3.435404581584571015e-02
-5.910937715017110516e-01
4.072909201937554569e-01
-1.042503050515165147e-02
-1.493858535295413237e+00
8.216821549489270460e-01
-9.902331413585183095e-02
-8.609713591716341430e-01
-1.912878252258414236e-01
-8.721862612410088977e-02
2.207384636254567101e-01
-8.216981371534336498e-01
-1.077304495783641125e-01
-5.307687637654910813e-03
1.883339715256597546e-01
-8.481358386472387378e-01
4.391412610524247917e-01
2.185370792602765386e-02
-5.989162834302406146e-01
4.110967265793659675e-01
3.562912927699651844e-01
-1.023963278304044433e+00
4.946051846242006111e-01
3.545964759445445202e-01
-5.368234574313377472e-01
-9.576424109061176804e-02
3.253879434627687806e-01
-1.184533497940049251e+00
1.437001203341178979e+00
-1.998892340669321088e+00
9.727444045066130363e-01
-6.268196575223028422e-01
-8.610800863310200670e-01
6.024453069042424724e-01
-9.561628454316967174e-01
-2.796642926761534059e-02
-6.530152020778188238e-01
4.068343968395858323e-01
-5.604924799624472209e-01
-1.910015570819079689e-01
-3.160078311046073396e-01
4.230751395070400100e-01
-1.560626371597730599e-01
-5.864706330396860512e-01
4.736549611769768076e-01
-3.850458720414219327e-01
3.213137575430726756e-01
-8.844736730622700938e-01
1.133742516605772965e-01
2.252586172860990277e-01
-1.189953448055453222e+00
1.005253729390133549e-01
-1.951978455535260393e-01
-5.150136893669364779e-01
-7.299976295297506690e-01
