-6.242362999999999905e-03
5.487033828571429017e-02
1.159830395714285811e-01
1.770957408571428859e-01
2.382084421428571630e-01
2.993211434285714678e-01
3.604338447142858004e-01
4.215465460000000775e-01
4.826592472857143545e-01
5.437719485714286316e-01
6.048846498571428532e-01
6.659973511428571857e-01
7.271100524285715183e-01
7.882227537142857399e-01
8.493354550000000724e-01
9.104481562857142940e-01
9.715608575714286266e-01
1.032673558857142959e+00
1.093786260142857403e+00
1.154898961428571624e+00
1.216011662714285846e+00
1.277124364000000289e+00
1.338237065285714511e+00
1.399349766571428733e+00
1.460462467857143176e+00
1.521575169142857398e+00
1.582687870428571619e+00
1.643800571714285841e+00
1.704913273000000284e+00
1.766025974285714506e+00
1.827138675571428728e+00
1.888251376857143171e+00
1.949364078142857393e+00
2.010476779428571614e+00
2.071589480714285614e+00
2.132702182000000057e+00
2.193814883285714501e+00
2.254927584571428500e+00
2.316040285857142944e+00
2.377152987142857388e+00
2.438265688428571387e+00
2.499378389714285831e+00
2.560491091000000274e+00
2.621603792285714274e+00
2.682716493571428718e+00
2.743829194857143161e+00
2.804941896142857161e+00
2.866054597428571604e+00
2.927167298714286048e+00
2.988280000000000047e+00
