1.275626712320281630e-01
-7.769907219505130247e-02
-1.193885335034498146e-01
2.074670314168999552e-01
-1.150176923001213491e-01
-1.432779163348751328e-01
2.143643578964316565e-01
2.637782833584005615e-02
-3.131543838525583379e-01
5.266500570185741470e-01
-1.556685851270156185e-01
-1.912364654709236278e-01
6.282256546273784492e-01
-3.280298778356970368e-01
6.235560810269952930e-02
5.328774547416222918e-01
-4.915093685474539176e-01
4.107646440190271808e-01
1.907768484731602390e-02
-4.751232313048632805e-01
7.302907552344616304e-01
-1.099782369217465750e+00
4.842499104942605825e-01
-5.829709341894778740e-01
-4.319443848451746115e-01
5.697744815894139475e-02
-8.867874295570405963e-01
1.428537140263849980e-01
-7.363326103415066548e-01
3.370093629622337716e-01
-8.172177624979488630e-01
6.001108695164220075e-01
-2.754711646584442897e-01
-4.227064979962872893e-01
9.454616302876250877e-01
-1.323241567242040118e+00
6.068596429130739267e-01
-7.667249360807734115e-01
-4.238130444880149894e-01
-4.276588603106176723e-01
-3.878968162349455406e-01
-3.450167416804393317e-01
-2.056983601884601054e-01
1.219155731459840852e-01
-4.275827082868529638e-01
2.711436722463817506e-01
-6.230229005959964095e-01
-4.125794913694716959e-01
-3.101297872417102530e-01
-1.007633799735988100e+00
